FLOYD WARSHALL ALGORITHM (All Shortest Paths)
Shortest Connection Paths Between All Criminals:

From/To	Tariq Khan	Tariq Shah	Tariq Hassan	Tariq Ali	Tariq Saeed	Ahmed Khan	Ahmed Malik	Ahmed Aslam	Ahmed Shah	Ahmed Ali	Ahmed Butt	Ahmed Hassan	Bilal Ahmed	Bilal Malik	Bilal Ali	Bilal Hassan	Bilal Khan	Bilal Shah	Zain Hassan	Zain Khan	Zain Shah	Zain Butt	Zain Ali	Omar Malik	Omar Hassan	Omar Khan	Omar Butt	Omar Ali	Imran Hassan	Imran Shah	Imran Khan	Imran Malik	Imran Ali	Imran Butt	Kamran Ali	Kamran Ahmed	Kamran Butt	Kamran Shah	Kamran Hassan	Kamran Hussain	Hassan Butt	Hassan Ali	Hassan Ahmed	Hassan Malik	Hassan Khan	Hassan Shah	Rizwan Ali	Rizwan Ahmed	Rizwan Shah	Rizwan Khan	Rizwan Hassan	Junaid Shah	Junaid Hassan	Junaid Khan	Junaid Butt	Junaid Malik	Junaid Ali	Talha Khan	Talha Shah	Talha Hassan	Talha Ali	Salman Ahmed	Salman Ali	Salman Butt	Salman Hassan	Salman Khan	Fahad Hassan	Fahad Ali	Fahad Shah	Fahad Khan	Wasim Shah	Wasim Malik	Wasim Khan	Wasim Ali	Wasim Hassan	Adnan Sheikh	Adnan Ahmed	Adnan Khan	Adnan Shah	Adnan Butt	Adnan Hassan	Adnan Ali	Shahid Malik	Shahid Khan	Shahid Ali	Shahid Mahmood	Shahid Hassan	Shahid Ahmed	Ali Hassan	Ali Shah, Hassan Malik	Ali Raza	Ali Shah	Usman Butt	Usman Hassan	Usman Ahmed	Usman Ali	Usman Khan	Hamza Sheikh	Hamza Hassan	Hamza Malik	Hamza Ahmed	Hamza Khan	Hamza Ali	Hamza Shah
Tariq Khan	0	7	12	12	9	12	12	18	12	12	6	6	12	14	12	6	12	6	12	7	19	12	12	13	12	6	12	12	12	12	12	18	12	12	6	12	18	12	12	18	21	12	12	6	12	12	12	12	12	6	12	5	6	12	13	12	12	12	7	12	20	12	6	12	12	12	12	12	18	6	12	12	15	6	12	18	7	18	12	18	12	12	12	7	12	18	12	12	12	18	18	12	18	7	12	12	12	13	6	12	11	12	12	12
Tariq Shah	7	0	9	12	6	12	14	20	12	12	6	12	12	18	12	12	12	6	12	7	19	12	12	13	12	12	7	12	12	11	14	18	12	12	6	12	14	12	12	18	21	12	12	6	12	12	12	14	7	12	12	12	12	12	16	12	6	12	7	6	16	12	12	12	7	12	12	12	18	12	12	12	18	12	12	18	7	18	12	18	12	12	12	12	12	18	12	12	12	18	12	12	12	12	6	12	12	18	12	16	6	12	12	12
Tariq Hassan	12	9	0	12	9	12	12	18	12	12	6	6	12	14	12	6	6	6	12	7	19	12	12	18	12	12	12	6	12	11	12	18	12	12	6	12	18	12	12	18	21	12	12	6	12	12	12	12	12	12	6	11	6	12	18	12	12	6	7	6	14	6	6	12	12	6	12	12	18	6	6	12	18	12	12	18	7	12	12	18	12	12	12	7	12	18	12	12	12	18	18	12	18	7	12	12	12	18	12	16	6	12	12	12
Tariq Ali	12	12	12	0	12	6	12	14	6	6	6	6	6	12	12	6	6	6	9	6	13	6	6	13	6	12	12	6	6	6	6	12	6	6	6	6	12	6	6	12	15	6	6	6	6	6	6	12	12	6	6	11	12	6	13	12	12	12	6	6	16	6	6	12	6	12	6	6	12	6	12	12	12	12	9	12	6	12	6	12	6	12	6	6	6	12	6	6	6	12	12	12	15	6	12	6	6	12	12	11	6	12	6	12
Tariq Saeed	9	6	9	12	0	12	12	18	12	12	9	12	12	12	12	12	6	6	12	12	19	12	12	18	12	12	12	12	6	11	12	18	12	12	12	12	18	12	12	18	21	6	12	6	12	12	12	12	12	12	6	12	12	12	16	12	6	12	12	6	16	12	12	7	7	12	12	12	18	12	6	12	18	12	12	18	7	12	12	18	12	12	12	7	12	18	12	12	12	18	12	15	18	12	12	12	12	15	14	16	6	12	12	12
Ahmed Khan	12	12	12	6	12	0	10	9	10	11	11	11	11	12	8	11	6	6	5	6	14	11	10	18	12	11	12	9	6	11	5	13	11	11	11	5	11	11	5	11	20	6	11	6	11	12	12	12	12	12	6	12	6	11	17	11	12	12	9	12	20	12	6	12	6	12	11	6	12	6	6	12	18	12	12	12	6	12	6	12	5	12	11	6	12	12	5	12	12	18	18	17	18	7	12	12	12	15	12	16	6	12	11	12
Ahmed Malik	12	14	12	12	12	10	0	6	7	9	12	12	12	12	12	12	6	12	12	7	19	12	12	19	12	12	14	6	6	12	12	18	12	12	12	12	18	12	12	18	18	6	12	12	12	7	12	6	13	12	6	12	12	12	14	12	12	12	12	12	20	12	12	12	12	12	12	12	18	6	6	12	13	12	12	18	12	12	12	15	12	12	12	7	12	18	12	12	12	18	18	18	16	12	14	12	7	14	12	13	12	7	12	12
Ahmed Aslam	18	20	18	14	18	9	6	0	8	11	15	15	18	18	17	18	12	14	14	13	21	14	17	25	18	18	20	12	12	18	14	22	18	17	17	14	20	18	14	20	24	12	18	15	17	13	18	12	14	18	12	18	15	18	20	18	17	18	15	18	26	18	14	18	15	18	18	14	20	12	12	18	19	17	18	21	15	18	15	17	14	18	17	13	18	20	14	14	18	24	23	21	22	15	20	18	13	20	18	19	15	13	14	17
Ahmed Shah	12	12	12	6	12	10	7	8	0	11	12	12	12	18	12	12	12	6	12	12	13	6	12	18	12	12	12	6	12	12	12	18	12	12	12	12	18	12	12	18	21	6	12	12	12	12	12	12	6	12	6	12	12	12	18	12	12	12	7	12	19	12	6	12	12	12	12	6	12	12	6	12	18	12	12	18	12	18	12	17	12	12	12	6	12	12	12	6	12	18	18	18	18	7	12	12	12	13	12	13	12	12	6	12
Ahmed Ali	12	12	12	6	12	11	9	11	11	0	12	12	9	12	12	12	6	9	11	6	13	12	6	18	12	12	12	6	6	12	12	12	12	6	6	6	13	12	12	13	15	6	12	6	6	12	12	12	12	12	6	12	6	12	16	12	6	12	6	12	19	12	6	12	12	12	12	12	18	6	6	12	15	6	12	12	6	12	12	6	12	12	6	6	12	13	6	12	12	18	12	18	18	6	12	12	12	12	12	12	6	12	12	6
Ahmed Butt	6	6	6	6	9	11	12	15	12	12	0	12	6	12	6	6	6	6	6	12	13	6	12	12	12	6	6	12	6	6	12	12	6	12	6	11	13	6	11	13	15	6	12	6	6	6	12	12	6	12	6	6	6	6	12	6	6	6	6	6	14	6	6	6	6	6	6	12	12	6	6	12	15	6	12	12	6	12	6	12	6	6	12	6	6	14	12	12	12	12	12	6	12	6	6	12	12	12	12	11	6	6	6	6
Ahmed Hassan	6	12	6	6	12	11	12	15	12	12	12	0	9	12	12	6	12	6	12	6	13	6	6	13	6	6	12	6	6	6	6	12	12	6	6	11	13	6	12	13	15	6	6	12	6	6	6	6	12	6	6	6	6	6	12	6	6	12	6	6	16	6	6	12	6	12	6	6	12	6	6	6	12	6	6	13	6	12	12	12	6	6	12	6	12	12	6	6	6	12	12	12	15	6	12	6	6	12	6	11	6	6	6	6
Bilal Ahmed	12	12	12	6	12	11	12	18	12	9	6	9	0	9	10	12	11	12	12	6	19	12	12	18	12	12	12	6	12	5	12	12	12	12	6	12	18	12	12	18	15	6	6	6	12	12	12	12	12	12	6	12	9	6	15	12	11	12	6	10	20	12	6	12	12	12	12	12	18	6	6	12	18	12	12	18	7	17	12	15	12	12	12	12	12	13	6	12	12	18	17	12	18	10	12	12	12	15	12	10	6	12	12	12
Bilal Malik	14	18	14	12	12	12	12	18	18	12	12	12	9	0	6	8	12	12	12	12	19	12	12	19	12	12	18	12	6	12	17	19	18	18	12	12	19	12	17	19	21	12	12	12	12	12	18	12	18	12	12	13	12	12	18	12	12	14	13	12	22	14	12	12	12	17	12	18	18	14	12	12	18	12	18	18	12	18	12	18	12	12	18	12	12	20	15	18	12	18	18	18	21	12	18	12	12	18	18	17	12	12	12	12
Bilal Ali	12	12	12	12	12	8	12	17	12	12	6	12	10	6	0	12	12	12	12	12	19	12	12	18	12	12	12	6	6	6	12	13	12	12	12	12	18	12	12	18	21	6	12	6	12	12	12	12	12	12	6	12	6	12	16	12	6	12	7	6	16	12	12	12	12	12	12	12	18	12	6	12	18	12	12	12	7	12	6	12	6	12	12	7	12	18	12	12	12	18	12	12	18	7	12	12	12	15	14	11	6	12	12	12
Bilal Hassan	6	12	6	6	12	11	12	18	12	12	6	6	12	8	12	0	12	11	6	6	15	12	12	13	12	6	12	6	6	12	12	18	12	12	6	11	17	12	11	17	21	12	12	6	12	12	12	12	12	12	6	5	6	6	13	12	12	6	6	12	14	6	6	12	12	9	12	12	18	6	6	12	18	12	12	18	6	18	12	18	12	12	12	6	12	18	12	12	12	18	18	12	18	7	12	12	12	18	12	17	6	12	12	12
Bilal Khan	12	12	6	6	6	6	6	12	12	6	6	12	11	12	12	12	0	12	6	7	13	6	6	13	6	6	12	6	6	6	11	12	6	12	6	6	12	6	6	12	15	9	6	6	6	7	12	6	12	6	6	12	6	6	12	6	6	6	7	6	14	12	12	6	6	6	6	6	12	6	6	6	12	6	12	12	7	6	6	12	6	6	6	6	6	14	11	12	6	12	12	12	15	7	12	9	6	12	12	11	6	6	6	6
Bilal Shah	6	6	6	6	6	6	12	14	6	9	6	6	12	12	12	11	12	0	6	6	13	6	6	12	12	6	6	6	6	11	11	18	12	12	6	6	12	6	6	12	15	12	6	6	12	6	12	12	6	12	6	6	6	6	13	12	6	6	6	6	14	12	6	6	6	6	6	6	12	6	6	12	15	6	12	12	6	12	6	12	6	6	6	6	12	12	11	6	12	18	12	12	12	12	6	12	12	12	12	12	6	6	6	6
Zain Hassan	12	12	12	9	12	5	12	14	12	11	6	12	12	12	12	6	6	6	0	11	9	12	10	18	12	12	12	6	6	12	10	18	12	12	12	5	11	12	5	11	21	11	12	6	12	10	12	12	12	12	6	11	6	6	15	12	12	12	6	12	15	12	6	12	11	12	12	6	12	6	6	12	18	12	12	17	7	12	11	17	10	12	11	6	12	17	10	12	12	18	18	12	18	7	12	12	12	18	12	17	6	12	12	12
Zain Khan	7	7	7	6	12	6	7	13	12	6	12	6	6	12	12	6	7	6	11	0	15	12	11	13	7	7	7	6	6	6	11	13	12	12	6	6	13	12	7	13	16	12	7	6	12	7	7	7	7	7	6	6	6	7	14	12	6	7	7	6	15	7	6	12	7	7	12	7	13	6	7	7	13	7	7	13	7	13	7	12	11	12	7	7	12	14	7	12	7	13	12	13	13	7	7	6	7	14	7	11	6	7	7	12
Zain Shah	19	19	19	13	19	14	19	21	13	13	13	13	19	19	19	15	13	13	9	15	0	7	7	25	19	19	19	13	13	19	19	19	19	13	13	12	19	13	14	19	22	13	19	13	13	14	19	19	19	19	13	19	13	15	21	19	19	14	13	16	6	19	13	19	19	19	13	13	19	13	13	19	25	19	19	20	14	19	19	19	13	13	18	13	19	19	13	13	19	25	25	19	25	14	19	19	19	19	19	19	13	13	13	19
Zain Butt	12	12	12	6	12	11	12	14	6	12	6	6	12	12	12	12	6	6	12	12	7	0	12	18	12	12	12	6	6	12	12	12	12	6	6	12	13	6	12	13	15	6	12	6	6	7	12	12	12	12	6	12	6	12	14	12	12	12	7	12	13	12	6	12	12	12	6	6	12	6	6	12	18	12	12	13	7	12	12	12	6	6	12	7	12	12	6	6	12	18	18	12	18	7	12	12	12	12	12	12	12	6	6	12
Zain Ali	12	12	12	6	12	10	12	17	12	6	12	6	12	12	12	12	6	6	10	11	7	12	0	18	12	12	12	6	6	12	12	18	12	12	12	5	12	12	12	12	18	12	12	6	12	7	12	12	12	12	6	12	6	12	14	12	12	12	6	12	13	12	6	12	12	12	12	11	17	6	6	12	18	12	12	18	7	12	12	12	12	12	11	6	12	18	12	12	12	18	18	18	18	7	12	12	12	18	12	17	6	12	12	12
Omar Malik	13	13	18	13	18	18	19	25	18	18	12	13	18	19	18	13	13	12	18	13	25	18	18	0	7	7	6	15	13	17	19	24	18	18	12	18	13	18	18	21	27	13	18	12	18	18	13	19	13	13	13	13	13	18	20	14	12	18	13	12	22	18	13	18	13	18	18	18	24	13	13	13	19	14	18	6	13	12	12	12	13	14	18	14	18	24	18	18	18	24	18	18	19	14	13	13	14	20	13	19	12	18	14	18
Omar Hassan	12	12	12	6	12	12	12	18	12	12	12	6	12	12	12	12	6	12	12	7	19	12	12	7	0	12	7	12	6	12	12	18	12	12	6	12	14	12	12	18	21	6	12	6	12	12	6	12	12	12	6	12	12	12	18	12	12	12	7	12	20	12	6	12	12	12	12	12	18	6	6	6	12	12	12	13	7	12	12	18	12	12	12	7	12	18	12	12	12	18	18	18	16	12	12	6	7	14	12	14	6	12	7	12
Omar Khan	6	12	12	12	12	11	12	18	12	12	6	6	12	12	12	6	6	6	12	7	19	12	12	7	12	0	10	12	6	12	12	18	12	12	6	12	17	12	12	18	21	6	12	6	12	12	12	12	12	6	6	6	6	12	13	7	12	12	10	12	20	12	6	12	12	12	12	12	18	6	6	7	13	7	12	13	7	12	12	13	6	12	12	7	12	18	12	12	12	18	18	12	16	7	12	6	12	13	6	12	6	12	7	12
Omar Butt	12	7	12	12	12	12	14	20	12	12	6	12	12	18	12	12	12	6	12	7	19	12	12	6	7	10	0	12	12	11	14	18	12	12	6	12	7	12	12	15	21	12	12	6	12	12	12	14	7	12	12	12	12	12	16	12	6	12	7	6	16	12	12	12	7	12	12	12	18	12	12	12	18	12	12	12	7	18	12	18	12	12	12	12	12	18	12	12	12	18	12	12	13	12	7	12	12	18	12	16	6	12	12	12
Omar Ali	12	12	6	6	12	9	6	12	6	6	12	6	6	12	6	6	6	6	6	6	13	6	6	15	12	12	12	0	6	6	6	12	6	6	6	11	17	12	11	17	15	6	6	6	6	6	12	6	12	6	6	11	6	6	13	12	6	12	12	6	16	6	6	12	6	12	12	6	12	6	6	12	12	12	6	18	6	12	12	12	12	12	12	6	6	12	6	6	6	12	12	12	15	6	12	6	6	12	12	11	6	6	6	12
Imran Hassan	12	12	12	6	6	6	6	12	12	6	6	6	12	6	6	6	6	6	6	6	13	6	6	13	6	6	12	6	0	11	11	15	12	12	6	6	13	6	11	13	15	6	6	6	6	6	12	6	12	6	6	11	6	6	12	6	6	12	12	6	16	12	6	6	6	12	6	12	12	12	6	6	12	6	12	12	6	12	6	12	6	6	12	6	6	14	11	12	6	12	12	12	15	6	12	6	6	12	12	12	6	6	6	6
Imran Shah	12	11	11	6	11	11	12	18	12	12	6	6	5	12	6	12	6	11	12	6	19	12	12	17	12	12	11	6	11	0	7	7	7	7	11	12	18	12	12	18	15	9	6	11	12	12	12	12	11	12	6	12	6	11	16	12	6	12	11	5	15	11	6	11	11	12	12	12	18	11	6	12	18	12	12	18	7	12	12	18	12	12	12	11	12	13	6	12	12	18	12	12	17	7	11	12	12	13	11	5	6	11	12	11
Imran Khan	12	14	12	6	12	5	12	14	12	12	12	6	12	17	12	12	11	11	10	11	19	12	12	19	12	12	14	6	11	7	0	8	6	6	12	10	16	12	10	16	21	6	12	11	12	12	12	12	14	12	6	12	11	12	18	12	12	12	7	12	20	12	6	12	7	12	12	11	17	6	6	12	18	12	12	17	11	17	11	17	10	12	12	7	12	13	6	12	12	18	18	18	20	7	14	12	12	15	12	12	11	12	12	12
Imran Malik	18	18	18	12	18	13	18	22	18	12	12	12	12	19	13	18	12	18	18	13	19	12	18	24	18	18	18	12	15	7	8	0	6	6	12	18	24	18	18	24	22	12	13	12	13	18	18	18	18	18	12	18	12	18	23	18	13	18	13	12	22	18	12	18	15	18	18	18	24	14	12	18	24	18	18	24	13	18	18	18	18	18	18	13	12	19	12	18	18	24	19	18	24	13	18	18	18	19	18	12	12	18	18	18
Imran Ali	12	12	12	6	12	11	12	18	12	12	6	12	12	18	12	12	6	12	12	12	19	12	12	18	12	12	12	6	12	7	6	6	0	6	12	12	18	12	12	18	16	6	12	12	7	12	12	12	12	12	6	12	6	12	18	12	12	12	12	12	20	12	12	12	12	12	12	12	18	12	6	12	18	12	12	18	7	12	12	18	12	12	12	12	6	14	12	12	12	18	18	12	18	7	12	12	12	13	14	12	6	12	12	12
Imran Butt	12	12	12	6	12	11	12	17	12	6	12	6	12	18	12	12	12	12	12	12	13	6	12	18	12	12	12	6	12	7	6	6	6	0	6	12	18	12	12	18	16	12	12	6	7	12	12	12	12	12	12	12	12	12	18	12	12	12	7	12	19	12	6	12	12	12	12	12	18	9	12	12	18	12	12	18	7	18	12	12	12	12	12	7	12	13	6	12	12	18	18	18	18	7	12	12	12	13	12	12	12	12	12	12
Kamran Ali	6	6	6	6	12	11	12	17	12	6	6	6	6	12	12	6	6	6	12	6	13	6	12	12	6	6	6	6	6	11	12	12	12	6	0	12	13	12	12	15	15	6	6	6	6	12	6	12	6	6	6	6	6	6	14	12	6	6	6	6	14	6	6	12	6	6	6	12	12	6	6	6	12	6	6	12	6	12	6	12	6	12	6	12	12	13	6	12	6	12	12	12	12	6	6	6	6	12	6	12	12	12	6	12
Kamran Ahmed	12	12	12	6	12	5	12	14	12	6	11	11	12	12	12	11	6	6	5	6	12	12	5	18	12	12	12	11	6	12	10	18	12	12	12	0	7	10	9	7	21	11	12	6	12	12	12	12	12	12	11	12	6	11	18	12	12	12	6	12	18	12	6	12	11	12	12	6	12	6	6	12	18	12	12	17	7	12	11	12	10	12	6	11	12	14	10	12	12	18	18	17	18	7	12	12	12	18	12	17	6	12	12	12
Kamran Butt	18	14	18	12	18	11	18	20	18	13	13	13	18	19	18	17	12	12	11	13	19	13	12	13	14	17	7	17	13	18	16	24	18	18	13	7	0	7	6	8	25	13	18	12	18	14	18	18	14	18	17	18	12	17	21	18	13	18	13	13	23	18	12	18	14	18	13	12	18	12	13	18	19	18	13	19	14	18	17	19	13	13	13	14	18	21	16	18	18	24	19	19	20	13	14	18	18	20	18	19	13	13	18	18
Kamran Shah	12	12	12	6	12	11	12	18	12	12	6	6	12	12	12	12	6	6	12	12	13	6	12	18	12	12	12	12	6	12	12	18	12	12	12	10	7	0	9	7	18	6	12	6	12	7	12	12	12	12	12	12	6	12	14	12	12	12	7	12	19	12	6	12	12	12	6	12	12	12	6	12	12	12	6	13	7	12	12	12	6	6	12	7	12	18	12	12	12	18	18	12	18	12	12	12	12	13	12	12	12	6	12	12
Kamran Hassan	12	12	12	6	12	5	12	14	12	12	11	12	12	17	12	11	6	6	5	7	14	12	12	18	12	12	12	11	11	12	10	18	12	12	12	9	6	9	0	6	21	11	12	6	12	12	12	12	12	12	11	12	6	11	18	12	12	12	7	12	20	12	6	12	11	12	12	6	12	6	11	12	18	12	12	17	11	12	11	17	10	12	12	11	12	17	10	12	12	18	18	17	18	7	12	12	12	18	12	17	11	12	12	12
Kamran Hussain	18	18	18	12	18	11	18	20	18	13	13	13	18	19	18	17	12	12	11	13	19	13	12	21	18	18	15	17	13	18	16	24	18	18	15	7	8	7	6	0	25	13	18	12	18	14	18	18	18	18	17	18	12	17	21	18	18	18	13	18	25	18	12	18	17	18	13	12	18	12	13	18	19	18	13	20	14	18	17	19	13	13	13	14	18	21	16	18	18	24	24	19	24	13	18	18	18	20	18	19	13	13	18	18
Hassan Butt	21	21	21	15	21	20	18	24	21	15	15	15	15	21	21	21	15	15	21	16	22	15	18	27	21	21	21	15	15	15	21	22	16	16	15	21	25	18	21	25	0	15	9	15	9	11	21	18	21	21	15	21	15	18	18	21	21	21	16	20	28	21	15	21	21	21	21	21	27	15	15	21	27	18	21	22	16	21	16	21	21	18	21	16	15	22	15	21	21	27	27	21	27	16	21	21	21	15	21	20	15	18	21	21
Hassan Ali	12	12	12	6	6	6	6	12	6	6	6	6	6	12	6	12	9	12	11	12	13	6	12	13	6	6	12	6	6	9	6	12	6	12	6	11	13	6	11	13	15	0	12	12	12	12	12	6	12	6	6	12	6	12	12	6	6	12	6	6	16	12	6	6	6	12	12	6	12	6	6	6	12	6	12	12	6	12	6	12	6	6	12	6	6	12	6	6	6	12	12	12	15	6	12	6	6	9	12	12	6	6	6	6
Hassan Ahmed	12	12	12	6	12	11	12	18	12	12	12	6	6	12	12	12	6	6	12	7	19	12	12	18	12	12	12	6	6	6	12	13	12	12	6	12	18	12	12	18	9	12	0	12	12	12	12	12	12	12	6	12	6	12	18	12	12	12	7	11	20	12	6	12	12	12	12	12	18	6	6	12	18	12	12	13	12	12	7	13	12	12	12	12	12	13	6	12	12	18	18	18	18	7	12	12	12	18	12	11	12	12	12	12
Hassan Malik	6	6	6	6	6	6	12	15	12	6	6	12	6	12	6	6	6	6	6	6	13	6	6	12	6	6	6	6	6	11	11	12	12	6	6	6	12	6	6	12	15	12	12	0	12	12	6	12	6	12	6	6	6	6	12	6	6	6	6	6	14	6	6	6	6	6	6	6	12	6	12	12	12	6	6	12	6	12	6	12	6	12	6	6	12	13	6	12	12	18	12	12	12	6	6	6	6	12	12	12	6	12	6	6
Hassan Khan	12	12	12	6	12	11	12	17	12	6	6	6	12	12	12	12	6	12	12	12	13	6	12	18	12	12	12	6	6	12	12	13	7	7	6	12	18	12	12	18	9	12	12	12	0	12	12	12	12	12	6	12	6	12	18	12	12	12	7	12	19	12	6	12	12	12	12	12	18	6	6	12	18	12	12	18	7	12	12	12	12	12	12	7	6	13	6	12	12	18	18	12	18	7	12	12	12	6	12	14	6	12	12	12
Hassan Shah	12	12	12	6	12	12	7	13	12	12	6	6	12	12	12	12	7	6	10	7	14	7	7	18	12	12	12	6	6	12	12	18	12	12	12	12	14	7	12	14	11	12	12	12	12	0	12	7	12	12	6	12	6	7	7	12	12	12	7	12	20	12	6	12	12	12	12	12	18	6	7	12	16	7	12	15	7	13	12	13	12	7	12	7	12	18	12	12	12	18	18	12	18	7	12	12	12	14	12	13	6	7	12	12
Rizwan Ali	12	12	12	6	12	12	12	18	12	12	12	6	12	18	12	12	12	12	12	7	19	12	12	13	6	12	12	12	12	12	12	18	12	12	6	12	18	12	12	18	21	12	12	6	12	12	0	9	7	12	12	12	12	12	18	12	12	12	7	12	20	12	6	12	12	12	12	12	18	6	6	12	12	12	12	18	7	18	12	18	12	12	12	7	12	18	12	12	12	18	18	18	15	12	12	12	6	18	12	17	12	12	12	12
Rizwan Ahmed	12	14	12	12	12	12	6	12	12	12	12	6	12	12	12	12	6	12	12	7	19	12	12	19	12	12	14	6	6	12	12	18	12	12	12	12	18	12	12	18	18	6	12	12	12	7	9	0	7	11	12	12	12	12	14	12	12	12	12	12	20	12	12	12	12	12	12	12	18	6	6	12	18	12	12	18	12	12	12	18	12	12	12	7	12	18	12	12	12	18	18	18	20	12	14	12	12	13	12	12	12	6	12	12
Rizwan Shah	12	7	12	12	12	12	13	14	6	12	6	12	12	18	12	12	12	6	12	7	19	12	12	13	12	12	7	12	12	11	14	18	12	12	6	12	14	12	12	18	21	12	12	6	12	12	7	7	0	7	12	12	12	12	18	12	9	12	7	6	16	12	12	12	7	12	12	12	18	12	12	12	18	12	12	18	7	18	12	18	12	12	12	12	12	18	12	12	12	18	15	12	13	12	7	12	12	18	12	16	6	12	12	12
Rizwan Khan	6	12	12	6	12	12	12	18	12	12	12	6	12	12	12	12	6	12	12	7	19	12	12	13	12	6	12	6	6	12	12	18	12	12	6	12	18	12	12	18	21	6	12	12	12	12	12	11	7	0	12	11	12	12	18	12	12	12	12	12	20	12	6	12	12	12	12	12	18	6	6	12	12	6	12	18	12	12	12	18	12	12	12	7	12	18	12	12	6	12	12	12	15	7	12	12	6	13	6	12	6	12	12	12
Rizwan Hassan	12	12	6	6	6	6	6	12	6	6	6	6	6	12	6	6	6	6	6	6	13	6	6	13	6	6	12	6	6	6	6	12	6	12	6	11	17	12	11	17	15	6	6	6	6	6	12	12	12	12	0	11	6	6	12	6	6	6	6	6	14	12	12	6	6	6	12	6	12	6	6	6	12	12	12	13	12	12	12	12	6	12	12	6	6	12	6	6	6	12	12	12	15	6	12	6	6	12	12	11	6	6	6	12
Junaid Shah	5	12	11	11	12	12	12	18	12	12	6	6	12	13	12	5	12	6	11	6	19	12	12	13	12	6	12	11	11	12	12	18	12	12	6	12	18	12	12	18	21	12	12	6	12	12	12	12	12	11	11	0	11	10	8	7	11	11	6	12	19	11	6	12	12	12	12	12	18	6	11	12	18	11	12	18	7	18	12	18	12	12	12	11	12	18	12	12	12	18	17	12	18	7	12	12	12	18	11	17	6	12	12	12
Junaid Hassan	6	12	6	12	12	6	12	15	12	6	6	6	9	12	6	6	6	6	6	6	13	6	6	13	12	6	12	6	6	6	11	12	6	12	6	6	12	6	6	12	15	6	6	6	6	6	12	12	12	12	6	11	0	12	13	12	12	6	6	11	14	12	6	12	12	6	6	6	12	6	6	12	15	6	12	12	6	12	6	12	6	6	12	12	6	13	6	12	12	18	18	12	18	6	12	12	12	12	12	11	6	6	12	6
Junaid Khan	12	12	12	6	12	11	12	18	12	12	6	6	6	12	12	6	6	6	6	7	15	12	12	18	12	12	12	6	6	11	12	18	12	12	6	11	17	12	11	17	18	12	12	6	12	7	12	12	12	12	6	10	12	0	9	10	12	12	7	12	20	12	6	12	12	12	12	12	18	6	6	12	18	12	12	18	7	12	12	18	12	12	12	7	12	18	12	12	12	18	18	12	18	7	12	12	12	18	12	16	6	12	12	12
Junaid Butt	13	16	18	13	16	17	14	20	18	16	12	12	15	18	16	13	12	13	15	14	21	14	14	20	18	13	16	13	12	16	18	23	18	18	14	18	21	14	18	21	18	12	18	12	18	7	18	14	18	18	12	8	13	9	0	6	10	12	14	16	20	18	13	16	16	18	18	18	24	12	12	18	23	14	18	19	14	18	18	19	12	14	16	13	18	24	18	18	18	24	16	18	22	13	16	18	18	20	18	20	13	14	13	18
Junaid Malik	12	12	12	12	12	11	12	18	12	12	6	6	12	12	12	12	6	12	12	12	19	12	12	14	12	7	12	12	6	12	12	18	12	12	12	12	18	12	12	18	21	6	12	6	12	12	12	12	12	12	6	7	12	10	6	0	9	6	12	12	14	12	12	12	12	12	12	12	18	6	6	12	18	12	12	13	12	12	12	13	6	12	12	7	12	18	12	12	12	18	15	12	18	7	12	12	12	14	12	14	12	12	7	12
Junaid Ali	12	6	12	12	6	12	12	17	12	6	6	6	11	12	6	12	6	6	12	6	19	12	12	12	12	12	6	6	6	6	12	13	12	12	6	12	13	12	12	18	21	6	12	6	12	12	12	12	9	12	6	11	12	12	10	9	0	12	6	6	16	12	12	6	6	12	12	12	18	12	6	12	18	12	12	18	7	12	12	12	12	12	6	9	12	14	12	12	12	14	6	12	12	7	6	12	12	15	12	11	9	12	12	12
Talha Khan	12	12	6	12	12	12	12	18	12	12	6	12	12	14	12	6	6	6	12	7	14	12	12	18	12	12	12	12	12	12	12	18	12	12	6	12	18	12	12	18	21	12	12	6	12	12	12	12	12	12	6	11	6	12	12	6	12	0	12	12	8	12	6	12	12	6	12	12	18	12	6	12	18	12	12	18	7	12	12	18	12	12	12	12	12	18	12	12	12	18	18	12	18	12	12	12	12	18	12	17	6	12	12	12
Talha Shah	7	7	7	6	12	9	12	15	7	6	6	6	6	13	7	6	7	6	6	7	13	7	6	13	7	10	7	12	12	11	7	13	12	7	6	6	13	7	7	13	16	6	7	6	7	7	7	12	7	12	6	6	6	7	14	12	6	12	0	12	15	7	6	12	7	12	7	7	13	6	7	12	13	7	7	13	7	13	7	12	7	7	7	7	12	13	7	7	12	18	12	12	13	7	7	6	7	13	12	13	6	7	7	7
Talha Hassan	12	6	6	6	6	12	12	18	12	12	6	6	10	12	6	12	6	6	12	6	16	12	12	12	12	12	6	6	6	5	12	12	12	12	6	12	13	12	12	18	20	6	11	6	12	12	12	12	6	12	6	12	11	12	16	12	6	12	12	0	10	6	11	6	6	12	12	12	18	6	6	12	18	12	12	18	6	12	12	18	12	12	12	6	12	18	11	12	12	18	12	12	12	7	6	12	12	15	12	10	6	12	12	12
Talha Ali	20	16	14	16	16	20	20	26	19	19	14	16	20	22	16	14	14	14	15	15	6	13	13	22	20	20	16	16	16	15	20	22	20	19	14	18	23	19	20	25	28	16	20	14	19	20	20	20	16	20	14	19	14	20	20	14	16	8	15	10	0	16	14	16	16	14	19	19	25	16	14	20	26	20	20	26	15	20	20	25	19	19	20	16	20	25	19	19	20	26	22	20	22	17	16	20	20	25	20	20	14	19	19	20
Salman Ahmed	12	12	6	6	12	12	12	18	12	12	6	6	12	14	12	6	12	12	12	7	19	12	12	18	12	12	12	6	12	11	12	18	12	12	6	12	18	12	12	18	21	12	12	6	12	12	12	12	12	12	12	11	12	12	18	12	12	12	7	6	16	0	12	7	12	6	12	12	18	6	12	12	18	12	12	18	7	18	12	18	12	12	12	7	12	18	12	12	12	18	18	12	18	7	12	12	12	18	12	16	12	12	12	12
Salman Ali	6	12	6	6	12	6	12	14	6	6	6	6	6	12	12	6	12	6	6	6	13	6	6	13	6	6	12	6	6	6	6	12	12	6	6	6	12	6	6	12	15	6	6	6	6	6	6	12	12	6	12	6	6	6	13	12	12	6	6	11	14	12	0	12	12	12	6	6	12	6	6	12	12	6	6	12	6	12	6	12	6	12	6	6	12	12	6	6	12	18	18	12	15	6	12	6	6	12	6	11	6	12	6	6
Salman Butt	12	12	12	12	7	12	12	18	12	12	6	12	12	12	12	12	6	6	12	12	19	12	12	18	12	12	12	12	6	11	12	18	12	12	12	12	18	12	12	18	21	6	12	6	12	12	12	12	12	12	6	12	12	12	16	12	6	12	12	6	16	7	12	0	12	8	12	12	18	12	6	12	18	12	12	18	7	12	12	18	12	12	12	7	12	18	12	12	12	18	12	12	18	12	12	12	12	15	14	16	6	12	12	12
Salman Hassan	12	7	12	6	7	6	12	15	12	12	6	6	12	12	12	12	6	6	11	7	19	12	12	13	12	12	7	6	6	11	7	15	12	12	6	11	14	12	11	17	21	6	12	6	12	12	12	12	7	12	6	12	12	12	16	12	6	12	7	6	16	12	12	12	0	10	12	12	18	6	6	12	13	12	7	18	7	12	12	18	11	12	12	7	12	13	6	12	12	18	12	12	13	7	7	6	12	15	12	16	6	12	12	12
Salman Khan	12	12	6	12	12	12	12	18	12	12	6	12	12	17	12	9	6	6	12	7	19	12	12	18	12	12	12	12	12	12	12	18	12	12	6	12	18	12	12	18	21	12	12	6	12	12	12	12	12	12	6	12	6	12	18	12	12	6	12	12	14	6	12	8	10	0	12	12	18	12	6	12	18	12	12	18	7	12	12	18	12	12	12	12	12	18	12	12	12	18	18	12	18	12	12	12	12	18	12	17	6	12	12	12
Fahad Hassan	12	12	12	6	12	11	12	18	12	12	6	6	12	12	12	12	6	6	12	12	13	6	12	18	12	12	12	12	6	12	12	18	12	12	6	12	13	6	12	13	21	12	12	6	12	12	12	12	12	12	12	12	6	12	18	12	12	12	7	12	19	12	6	12	12	12	0	7	6	12	12	12	18	12	12	13	10	12	12	13	6	12	12	12	12	18	12	12	12	18	18	12	16	12	12	6	12	18	12	17	12	12	12	12
Fahad Ali	12	12	12	6	12	6	12	14	6	12	12	6	12	18	12	12	6	6	6	7	13	6	11	18	12	12	12	6	12	12	11	18	12	12	12	6	12	12	6	12	21	6	12	6	12	12	12	12	12	12	6	12	6	12	18	12	12	12	7	12	19	12	6	12	12	12	7	0	6	12	6	12	18	12	12	18	12	12	12	18	11	12	12	7	12	13	11	7	12	18	18	18	18	7	12	12	12	14	12	14	12	12	7	12
Fahad Shah	18	18	18	12	18	12	18	20	12	18	12	12	18	18	18	18	12	12	12	13	19	12	17	24	18	18	18	12	12	18	17	24	18	18	12	12	18	12	12	18	27	12	18	12	18	18	18	18	18	18	12	18	12	18	24	18	18	18	13	18	25	18	12	18	18	18	6	6	0	15	12	18	24	18	18	19	16	18	18	19	12	18	18	13	18	19	17	13	18	24	24	18	22	13	18	12	18	20	18	20	18	18	13	18
Fahad Khan	6	12	6	6	12	6	6	12	12	6	6	6	6	14	12	6	6	6	6	6	13	6	6	13	6	6	12	6	12	11	6	14	12	9	6	6	12	12	6	12	15	6	6	6	6	6	6	6	12	6	6	6	6	6	12	6	12	12	6	6	16	6	6	12	6	12	12	12	15	0	6	6	12	6	6	12	12	12	6	12	6	12	6	6	12	13	6	12	6	12	12	12	15	6	12	6	6	12	6	12	6	6	6	12
Wasim Shah	12	12	6	12	6	6	6	12	6	6	6	6	6	12	6	6	6	6	6	7	13	6	6	13	6	6	12	6	6	6	6	12	6	12	6	6	13	6	11	13	15	6	6	12	6	7	6	6	12	6	6	11	6	6	12	6	6	6	7	6	14	12	6	6	6	6	12	6	12	6	0	12	12	12	12	13	7	12	12	12	6	6	12	7	6	12	6	6	6	12	12	12	15	7	12	6	6	12	12	11	6	6	6	6
Wasim Malik	12	12	12	12	12	12	12	18	12	12	12	6	12	12	12	12	6	12	12	7	19	12	12	13	6	7	12	12	6	12	12	18	12	12	6	12	18	12	12	18	21	6	12	12	12	12	12	12	12	12	6	12	12	12	18	12	12	12	12	12	20	12	12	12	12	12	12	12	18	6	12	0	6	7	6	18	12	12	12	18	12	12	12	7	12	18	12	12	12	18	18	18	12	12	12	6	12	14	12	14	6	12	7	12
Wasim Khan	15	18	18	12	18	18	13	19	18	15	15	12	18	18	18	18	12	15	18	13	25	18	18	19	12	13	18	12	12	18	18	24	18	18	12	18	19	12	18	19	27	12	18	12	18	16	12	18	18	12	12	18	15	18	23	18	18	18	13	18	26	18	12	18	13	18	18	18	24	12	12	6	0	9	6	24	13	18	18	21	18	18	18	13	18	24	18	18	13	19	19	19	6	16	12	12	6	20	15	20	12	18	13	15
Wasim Ali	6	12	12	12	12	12	12	17	12	6	6	6	12	12	12	12	6	6	12	7	19	12	12	14	12	7	12	12	6	12	12	18	12	12	6	12	18	12	12	18	18	6	12	6	12	7	12	12	12	6	12	11	6	12	14	12	12	12	7	12	20	12	6	12	12	12	12	12	18	6	12	7	9	0	7	18	7	12	12	12	12	12	12	7	12	18	12	12	12	18	18	12	15	7	12	12	12	12	6	12	6	12	12	6
Wasim Hassan	12	12	12	9	12	12	12	18	12	12	12	6	12	18	12	12	12	12	12	7	19	12	12	18	12	12	12	6	12	12	12	18	12	12	6	12	13	6	12	13	21	12	12	6	12	12	12	12	12	12	12	12	12	12	18	12	12	12	7	12	20	12	6	12	7	12	12	12	18	6	12	6	6	7	0	18	7	18	12	18	12	12	12	7	12	18	12	12	12	18	18	18	12	12	12	6	12	18	12	17	12	12	12	12
Adnan Sheikh	18	18	18	12	18	12	18	21	18	12	12	13	18	18	12	18	12	12	17	13	20	13	18	6	13	13	12	18	12	18	17	24	18	18	12	17	19	13	17	20	22	12	13	12	18	15	18	18	18	18	13	18	12	18	19	13	18	18	13	18	26	18	12	18	18	18	13	18	19	12	13	18	24	18	18	0	15	6	6	6	7	8	18	13	18	24	17	18	18	24	24	18	24	13	18	18	18	20	18	20	12	15	13	18
Adnan Ahmed	7	7	7	6	7	6	12	15	12	6	6	6	7	12	7	6	7	6	7	7	14	7	7	13	7	7	7	6	6	7	11	13	7	7	6	7	14	7	11	14	16	6	12	6	7	7	7	12	7	12	12	7	6	7	14	12	7	7	7	6	15	7	6	7	7	7	10	12	16	12	7	12	13	7	7	15	0	13	12	12	11	12	7	7	7	14	7	12	12	18	13	12	13	7	7	7	7	13	12	12	6	12	12	7
Adnan Khan	18	18	12	12	12	12	12	18	18	12	12	12	17	18	12	18	6	12	12	13	19	12	12	12	12	12	18	12	12	12	17	18	12	18	12	12	18	12	12	18	21	12	12	12	12	13	18	12	18	12	12	18	12	12	18	12	12	12	13	12	20	18	12	12	12	12	12	12	18	12	12	12	18	12	18	6	13	0	6	6	7	6	12	12	12	20	17	18	12	18	18	18	21	13	18	15	12	18	18	17	12	12	12	12
Adnan Shah	12	12	12	6	12	6	12	15	12	12	6	12	12	12	6	12	6	6	11	7	19	12	12	12	12	12	12	12	6	12	11	18	12	12	6	11	17	12	11	17	16	6	7	6	12	12	12	12	12	12	12	12	6	12	18	12	12	12	7	12	20	12	6	12	12	12	12	12	18	6	12	12	18	12	12	6	12	6	0	6	9	7	12	7	12	18	11	12	12	18	18	12	18	7	12	12	12	15	12	17	6	12	12	12
Adnan Butt	18	18	18	12	18	12	15	17	17	6	12	12	15	18	12	18	12	12	17	12	19	12	12	12	18	13	18	12	12	18	17	18	18	12	12	12	19	12	17	19	21	12	13	12	12	13	18	18	18	18	12	18	12	18	19	13	12	18	12	18	25	18	12	18	18	18	13	18	19	12	12	18	21	12	18	6	12	6	6	0	7	6	12	12	18	19	12	18	18	24	18	18	24	12	18	18	18	18	18	18	12	13	13	12
Adnan Hassan	12	12	12	6	12	5	12	14	12	12	6	6	12	12	6	12	6	6	10	11	13	6	12	13	12	6	12	12	6	12	10	18	12	12	6	10	13	6	10	13	21	6	12	6	12	12	12	12	12	12	6	12	6	12	12	6	12	12	7	12	19	12	6	12	11	12	6	11	12	6	6	12	18	12	12	7	11	7	9	7	0	7	12	7	12	17	10	12	12	18	18	12	18	7	12	12	12	13	12	13	6	12	6	12
Adnan Ali	12	12	12	12	12	12	12	18	12	12	6	6	12	12	12	12	6	6	12	12	13	6	12	14	12	12	12	12	6	12	12	18	12	12	12	12	13	6	12	13	18	6	12	12	12	7	12	12	12	12	12	12	6	12	14	12	12	12	7	12	19	12	12	12	12	12	12	12	18	12	6	12	18	12	12	8	12	6	7	6	7	0	12	7	12	18	12	12	12	18	18	12	18	12	12	12	12	14	12	13	12	7	12	12
Shahid Malik	12	12	12	6	12	11	12	17	12	6	12	12	12	18	12	12	6	6	11	7	18	12	11	18	12	12	12	12	12	12	12	18	12	12	6	6	13	12	12	13	21	12	12	6	12	12	12	12	12	12	12	12	12	12	16	12	6	12	7	12	20	12	6	12	12	12	12	12	18	6	12	12	18	12	12	18	7	12	12	12	12	12	0	12	9	8	9	6	12	18	12	18	18	7	12	12	12	18	12	17	12	12	12	12
Shahid Khan	7	12	7	6	7	6	7	13	6	6	6	6	12	12	7	6	6	6	6	7	13	7	6	14	7	7	12	6	6	11	7	13	12	7	12	11	14	7	11	14	16	6	12	6	7	7	7	7	12	7	6	11	12	7	13	7	9	12	7	6	16	7	6	7	7	12	12	7	13	6	7	7	13	7	7	13	7	12	7	12	7	7	12	0	12	15	11	12	7	13	13	12	16	7	12	6	7	13	7	13	6	7	7	7
Shahid Ali	12	12	12	6	12	12	12	18	12	12	6	12	12	12	12	12	6	12	12	12	19	12	12	18	12	12	12	6	6	12	12	12	6	12	12	12	18	12	12	18	15	6	12	12	6	12	12	12	12	12	6	12	6	12	18	12	12	12	12	12	20	12	12	12	12	12	12	12	18	12	6	12	18	12	12	18	7	12	12	18	12	12	9	12	0	8	7	6	12	18	18	12	18	7	12	12	12	12	14	17	6	12	12	12
Shahid Mahmood	18	18	18	12	18	12	18	20	12	13	14	12	13	20	18	18	14	12	17	14	19	12	18	24	18	18	18	12	14	13	13	19	14	13	13	14	21	18	17	21	22	12	13	13	13	18	18	18	18	18	12	18	13	18	24	18	14	18	13	18	25	18	12	18	13	18	18	13	19	13	12	18	24	18	18	24	14	20	18	19	17	18	8	15	8	0	7	6	18	24	20	20	24	13	18	18	18	19	18	18	14	18	13	18
Shahid Hassan	12	12	12	6	12	5	12	14	12	6	12	6	6	15	12	12	11	11	10	7	13	6	12	18	12	12	12	6	11	6	6	12	12	6	6	10	16	12	10	16	15	6	6	6	6	12	12	12	12	12	6	12	6	12	18	12	12	12	7	11	19	12	6	12	6	12	12	11	17	6	6	12	18	12	12	17	7	17	11	12	10	12	9	11	7	7	0	7	12	18	18	18	18	7	12	12	12	12	12	11	11	12	12	12
Shahid Ahmed	12	12	12	6	12	12	12	14	6	12	12	6	12	18	12	12	12	6	12	12	13	6	12	18	12	12	12	6	12	12	12	18	12	12	12	12	18	12	12	18	21	6	12	12	12	12	12	12	12	12	6	12	12	12	18	12	12	12	7	12	19	12	6	12	12	12	12	7	13	12	6	12	18	12	12	18	12	18	12	18	12	12	6	12	6	6	7	0	12	18	18	18	18	7	12	12	12	14	12	14	12	12	7	12
Ali Hassan	12	12	12	6	12	12	12	18	12	12	12	6	12	12	12	12	6	12	12	7	19	12	12	18	12	12	12	6	6	12	12	18	12	12	6	12	18	12	12	18	21	6	12	12	12	12	12	12	12	6	6	12	12	12	18	12	12	12	12	12	20	12	12	12	12	12	12	12	18	6	6	12	13	12	12	18	12	12	12	18	12	12	12	7	12	18	12	12	0	6	6	6	16	7	12	12	7	15	12	17	6	12	12	12
Ali Shah, Hassan Malik	18	18	18	12	18	18	18	24	18	18	12	12	18	18	18	18	12	18	18	13	25	18	18	24	18	18	18	12	12	18	18	24	18	18	12	18	24	18	18	24	27	12	18	18	18	18	18	18	18	12	12	18	18	18	24	18	14	18	18	18	26	18	18	18	18	18	18	18	24	12	12	18	19	18	18	24	18	18	18	24	18	18	18	13	18	24	18	18	6	0	8	6	22	13	18	18	13	21	18	23	12	18	18	18
Ali Raza	18	12	18	12	12	18	18	23	18	12	12	12	17	18	12	18	12	12	18	12	25	18	18	18	18	18	12	12	12	12	18	19	18	18	12	18	19	18	18	24	27	12	18	12	18	18	18	18	15	12	12	17	18	18	16	15	6	18	12	12	22	18	18	12	12	18	18	18	24	12	12	18	19	18	18	24	13	18	18	18	18	18	12	13	18	20	18	18	6	8	0	6	18	13	12	18	13	21	18	17	12	18	18	18
Ali Shah	12	12	12	12	15	17	18	21	18	18	6	12	12	18	12	12	12	12	12	13	19	12	18	18	18	12	12	12	12	12	18	18	12	18	12	17	19	12	17	19	21	12	18	12	12	12	18	18	12	12	12	12	12	12	18	12	12	12	12	12	20	12	12	12	12	12	12	18	18	12	12	18	19	12	18	18	12	18	12	18	12	12	18	12	12	20	18	18	6	6	6	0	18	12	12	18	13	18	18	17	12	12	12	12
Usman Butt	18	12	18	15	18	18	16	22	18	18	12	15	18	21	18	18	15	12	18	13	25	18	18	19	16	16	13	15	15	17	20	24	18	18	12	18	20	18	18	24	27	15	18	12	18	18	15	20	13	15	15	18	18	18	22	18	12	18	13	12	22	18	15	18	13	18	16	18	22	15	15	12	6	15	12	24	13	21	18	24	18	18	18	16	18	24	18	18	16	22	18	18	0	15	6	10	9	23	18	22	12	18	16	18
Usman Hassan	7	12	7	6	12	7	12	15	7	6	6	6	10	12	7	7	7	12	7	7	14	7	7	14	12	7	12	6	6	7	7	13	7	7	6	7	13	12	7	13	16	6	7	6	7	7	12	12	12	7	6	7	6	7	13	7	7	12	7	7	17	7	6	12	7	12	12	7	13	6	7	12	16	7	12	13	7	13	7	12	7	12	7	7	7	13	7	7	7	13	13	12	15	0	12	12	12	13	7	12	12	12	7	12
Usman Ahmed	12	6	12	12	12	12	14	20	12	12	6	12	12	18	12	12	12	6	12	7	19	12	12	13	12	12	7	12	12	11	14	18	12	12	6	12	14	12	12	18	21	12	12	6	12	12	12	14	7	12	12	12	12	12	16	12	6	12	7	6	16	12	12	12	7	12	12	12	18	12	12	12	12	12	12	18	7	18	12	18	12	12	12	12	12	18	12	12	12	18	12	12	6	12	0	8	7	18	12	16	6	12	12	12
Usman Ali	12	12	12	6	12	12	12	18	12	12	12	6	12	12	12	12	9	12	12	6	19	12	12	13	6	6	12	6	6	12	12	18	12	12	6	12	18	12	12	18	21	6	12	6	12	12	12	12	12	12	6	12	12	12	18	12	12	12	6	12	20	12	6	12	6	12	6	12	12	6	6	6	12	12	6	18	7	15	12	18	12	12	12	6	12	18	12	12	12	18	18	18	10	12	8	0	11	13	12	13	6	12	6	12
Usman Khan	12	12	12	6	12	12	7	13	12	12	12	6	12	12	12	12	6	12	12	7	19	12	12	14	7	12	12	6	6	12	12	18	12	12	6	12	18	12	12	18	21	6	12	6	12	12	6	12	12	6	6	12	12	12	18	12	12	12	7	12	20	12	6	12	12	12	12	12	18	6	6	12	6	12	12	18	7	12	12	18	12	12	12	7	12	18	12	12	7	13	13	13	9	12	7	11	0	15	12	17	6	12	12	12
Hamza Sheikh	13	18	18	12	15	15	14	20	13	12	12	12	15	18	15	18	12	12	18	14	19	12	18	20	14	13	18	12	12	13	15	19	13	13	12	18	20	13	18	20	15	9	18	12	6	14	18	13	18	13	12	18	12	18	20	14	15	18	13	15	25	18	12	15	15	18	18	14	20	12	12	14	20	12	18	20	13	18	15	18	13	14	18	13	12	19	12	14	15	21	21	18	23	13	18	13	15	0	7	8	12	7	7	6
Hamza Hassan	6	12	12	12	14	12	12	18	12	12	12	6	12	18	14	12	12	12	12	7	19	12	12	13	12	6	12	12	12	11	12	18	14	12	6	12	18	12	12	18	21	12	12	12	12	12	12	12	12	6	12	11	12	12	18	12	12	12	12	12	20	12	6	14	12	12	12	12	18	6	12	12	15	6	12	18	12	18	12	18	12	12	12	7	14	18	12	12	12	18	18	18	18	7	12	12	12	7	0	6	12	7	9	6
Hamza Malik	12	16	16	11	16	16	13	19	13	12	11	11	10	17	11	17	11	12	17	11	19	12	17	19	14	12	16	11	12	5	12	12	12	12	12	17	19	12	17	19	20	12	11	12	14	13	17	12	16	12	11	17	11	16	20	14	11	17	13	10	20	16	11	16	16	17	17	14	20	12	11	14	20	12	17	20	12	17	17	18	13	13	17	13	17	18	11	14	17	23	17	17	22	12	16	13	17	8	6	0	11	6	7	6
Hamza Ahmed	11	6	6	6	6	6	12	15	12	6	6	6	6	12	6	6	6	6	6	6	13	12	6	12	6	6	6	6	6	6	11	12	6	12	12	6	13	12	11	13	15	6	12	6	6	6	12	12	6	6	6	6	6	6	13	12	9	6	6	6	14	12	6	6	6	6	12	12	18	6	6	6	12	6	12	12	6	12	6	12	6	12	12	6	6	14	11	12	6	12	12	12	12	12	6	6	6	12	12	11	0	12	12	12
Hamza Khan	12	12	12	12	12	12	7	13	12	12	6	6	12	12	12	12	6	6	12	7	13	6	12	18	12	12	12	6	6	11	12	18	12	12	12	12	13	6	12	13	18	6	12	12	12	7	12	6	12	12	6	12	6	12	14	12	12	12	7	12	19	12	12	12	12	12	12	12	18	6	6	12	18	12	12	15	12	12	12	13	12	7	12	7	12	18	12	12	12	18	18	12	18	12	12	12	12	7	7	6	12	0	7	6
Hamza Ali	12	12	12	6	12	11	12	14	6	12	6	6	12	12	12	12	6	6	12	7	13	6	12	14	7	7	12	6	6	12	12	18	12	12	6	12	18	12	12	18	21	6	12	6	12	12	12	12	12	12	6	12	12	12	13	7	12	12	7	12	19	12	6	12	12	12	12	7	13	6	6	7	13	12	12	13	12	12	12	13	6	12	12	7	12	13	12	7	12	18	18	12	16	7	12	6	12	7	9	7	12	7	0	7
Hamza Shah	12	12	12	12	12	12	12	17	12	6	6	6	12	12	12	12	6	6	12	12	19	12	12	18	12	12	12	12	6	11	12	18	12	12	12	12	18	12	12	18	21	6	12	6	12	12	12	12	12	12	12	12	6	12	18	12	12	12	7	12	20	12	6	12	12	12	12	12	18	12	6	12	15	6	12	18	7	12	12	12	12	12	12	7	12	18	12	12	12	18	18	12	18	12	12	12	12	6	6	6	12	6	7	0

Key Findings:
Tariq Khan - Max distance to any criminal: 21
Tariq Shah - Max distance to any criminal: 21
Tariq Hassan - Max distance to any criminal: 21
Tariq Ali - Max distance to any criminal: 16
Tariq Saeed - Max distance to any criminal: 21
Ahmed Khan - Max distance to any criminal: 20
Ahmed Malik - Max distance to any criminal: 20
Ahmed Aslam - Max distance to any criminal: 26
Ahmed Shah - Max distance to any criminal: 21
Ahmed Ali - Max distance to any criminal: 19
Ahmed Butt - Max distance to any criminal: 15
Ahmed Hassan - Max distance to any criminal: 16
Bilal Ahmed - Max distance to any criminal: 20
Bilal Malik - Max distance to any criminal: 22
Bilal Ali - Max distance to any criminal: 21
Bilal Hassan - Max distance to any criminal: 21
Bilal Khan - Max distance to any criminal: 15
Bilal Shah - Max distance to any criminal: 18
Zain Hassan - Max distance to any criminal: 21
Zain Khan - Max distance to any criminal: 16
Zain Shah - Max distance to any criminal: 25
Zain Butt - Max distance to any criminal: 18
Zain Ali - Max distance to any criminal: 18
Omar Malik - Max distance to any criminal: 27
Omar Hassan - Max distance to any criminal: 21
Omar Khan - Max distance to any criminal: 21
Omar Butt - Max distance to any criminal: 21
Omar Ali - Max distance to any criminal: 18
Imran Hassan - Max distance to any criminal: 16
Imran Shah - Max distance to any criminal: 19
Imran Khan - Max distance to any criminal: 21
Imran Malik - Max distance to any criminal: 24
Imran Ali - Max distance to any criminal: 20
Imran Butt - Max distance to any criminal: 19
Kamran Ali - Max distance to any criminal: 17
Kamran Ahmed - Max distance to any criminal: 21
Kamran Butt - Max distance to any criminal: 25
Kamran Shah - Max distance to any criminal: 19
Kamran Hassan - Max distance to any criminal: 21
Kamran Hussain - Max distance to any criminal: 25
Hassan Butt - Max distance to any criminal: 28
Hassan Ali - Max distance to any criminal: 16
Hassan Ahmed - Max distance to any criminal: 20
Hassan Malik - Max distance to any criminal: 18
Hassan Khan - Max distance to any criminal: 19
Hassan Shah - Max distance to any criminal: 20
Rizwan Ali - Max distance to any criminal: 21
Rizwan Ahmed - Max distance to any criminal: 20
Rizwan Shah - Max distance to any criminal: 21
Rizwan Khan - Max distance to any criminal: 21
Rizwan Hassan - Max distance to any criminal: 17
Junaid Shah - Max distance to any criminal: 21
Junaid Hassan - Max distance to any criminal: 18
Junaid Khan - Max distance to any criminal: 20
Junaid Butt - Max distance to any criminal: 24
Junaid Malik - Max distance to any criminal: 21
Junaid Ali - Max distance to any criminal: 21
Talha Khan - Max distance to any criminal: 21
Talha Shah - Max distance to any criminal: 18
Talha Hassan - Max distance to any criminal: 20
Talha Ali - Max distance to any criminal: 28
Salman Ahmed - Max distance to any criminal: 21
Salman Ali - Max distance to any criminal: 18
Salman Butt - Max distance to any criminal: 21
Salman Hassan - Max distance to any criminal: 21
Salman Khan - Max distance to any criminal: 21
Fahad Hassan - Max distance to any criminal: 21
Fahad Ali - Max distance to any criminal: 21
Fahad Shah - Max distance to any criminal: 27
Fahad Khan - Max distance to any criminal: 16
Wasim Shah - Max distance to any criminal: 15
Wasim Malik - Max distance to any criminal: 21
Wasim Khan - Max distance to any criminal: 27
Wasim Ali - Max distance to any criminal: 20
Wasim Hassan - Max distance to any criminal: 21
Adnan Sheikh - Max distance to any criminal: 26
Adnan Ahmed - Max distance to any criminal: 18
Adnan Khan - Max distance to any criminal: 21
Adnan Shah - Max distance to any criminal: 20
Adnan Butt - Max distance to any criminal: 25
Adnan Hassan - Max distance to any criminal: 21
Adnan Ali - Max distance to any criminal: 19
Shahid Malik - Max distance to any criminal: 21
Shahid Khan - Max distance to any criminal: 16
Shahid Ali - Max distance to any criminal: 20
Shahid Mahmood - Max distance to any criminal: 25
Shahid Hassan - Max distance to any criminal: 19
Shahid Ahmed - Max distance to any criminal: 21
Ali Hassan - Max distance to any criminal: 21
Ali Shah, Hassan Malik - Max distance to any criminal: 27
Ali Raza - Max distance to any criminal: 27
Ali Shah - Max distance to any criminal: 21
Usman Butt - Max distance to any criminal: 27
Usman Hassan - Max distance to any criminal: 17
Usman Ahmed - Max distance to any criminal: 21
Usman Ali - Max distance to any criminal: 21
Usman Khan - Max distance to any criminal: 21
Hamza Sheikh - Max distance to any criminal: 25
Hamza Hassan - Max distance to any criminal: 21
Hamza Malik - Max distance to any criminal: 23
Hamza Ahmed - Max distance to any criminal: 18
Hamza Khan - Max distance to any criminal: 19
Hamza Ali - Max distance to any criminal: 21
Hamza Shah - Max distance to any criminal: 21
