??????????????????????????????????????????????????
?   CRIMINAL NETWORK INTELLIGENCE REPORT        ?
??????????????????????????????????????????????????

Total Criminals Identified: 104
Total Connections Found: 1473

=== KRUSKAL'S ALGORITHM (Minimum Spanning Tree) ===
Critical Criminal Connections:
Imran Shah <--> Hamza Malik (Strength: 5 joint crimes)
Junaid Shah <--> Tariq Khan (Strength: 5 joint crimes)
Bilal Ahmed <--> Imran Shah (Strength: 5 joint crimes)
Kamran Ahmed <--> Ahmed Khan (Strength: 5 joint crimes)
Kamran Ahmed <--> Zain Hassan (Strength: 5 joint crimes)
Imran Shah <--> Talha Hassan (Strength: 5 joint crimes)
Ahmed Khan <--> Kamran Hassan (Strength: 5 joint crimes)
Kamran Ahmed <--> Zain Ali (Strength: 5 joint crimes)
Ahmed Khan <--> Adnan Hassan (Strength: 5 joint crimes)
Ahmed Khan <--> Shahid Hassan (Strength: 5 joint crimes)
Ahmed Khan <--> Imran Khan (Strength: 5 joint crimes)
Junaid Shah <--> Bilal Hassan (Strength: 5 joint crimes)
Bilal Shah <--> Ahmed Butt (Strength: 6 joint crimes)
Imran Shah <--> Junaid Ali (Strength: 6 joint crimes)
Hassan Ali <--> Bilal Ali (Strength: 6 joint crimes)
Hamza Ahmed <--> Bilal Ali (Strength: 6 joint crimes)
Bilal Ali <--> Wasim Shah (Strength: 6 joint crimes)
Bilal Ali <--> Talha Hassan (Strength: 6 joint crimes)
Tariq Shah <--> Tariq Saeed (Strength: 6 joint crimes)
Bilal Ali <--> Ahmed Butt (Strength: 6 joint crimes)
Bilal Ali <--> Omar Ali (Strength: 6 joint crimes)
Bilal Ali <--> Rizwan Hassan (Strength: 6 joint crimes)
Shahid Khan <--> Ahmed Khan (Strength: 6 joint crimes)
Ahmed Khan <--> Hassan Ali (Strength: 6 joint crimes)
Ahmed Khan <--> Salman Ali (Strength: 6 joint crimes)
Ahmed Khan <--> Salman Hassan (Strength: 6 joint crimes)
Ahmed Khan <--> Tariq Ali (Strength: 6 joint crimes)
Ahmed Malik <--> Ahmed Aslam (Strength: 6 joint crimes)
Ahmed Khan <--> Fahad Khan (Strength: 6 joint crimes)
Imran Khan <--> Ahmed Hassan (Strength: 6 joint crimes)
Imran Hassan <--> Ali Hassan (Strength: 6 joint crimes)
Imran Hassan <--> Zain Khan (Strength: 6 joint crimes)
Imran Hassan <--> Rizwan Khan (Strength: 6 joint crimes)
Imran Hassan <--> Usman Khan (Strength: 6 joint crimes)
Ali Hassan <--> Kamran Ali (Strength: 6 joint crimes)
Ali Hassan <--> Hassan Ali (Strength: 6 joint crimes)
Bilal Malik <--> Bilal Ali (Strength: 6 joint crimes)
Ali Hassan <--> Bilal Khan (Strength: 6 joint crimes)
Omar Malik <--> Omar Butt (Strength: 6 joint crimes)
Shahid Malik <--> Junaid Ali (Strength: 6 joint crimes)
Kamran Ali <--> Hamza Hassan (Strength: 6 joint crimes)
Kamran Ali <--> Wasim Ali (Strength: 6 joint crimes)
Hamza Hassan <--> Tariq Khan (Strength: 6 joint crimes)
Hamza Hassan <--> Omar Khan (Strength: 6 joint crimes)
Imran Khan <--> Imran Ali (Strength: 6 joint crimes)
Imran Khan <--> Imran Butt (Strength: 6 joint crimes)
Imran Malik <--> Imran Ali (Strength: 6 joint crimes)
Kamran Ali <--> Talha Khan (Strength: 6 joint crimes)
Kamran Ali <--> Salman Khan (Strength: 6 joint crimes)
Kamran Butt <--> Kamran Hassan (Strength: 6 joint crimes)
Talha Khan <--> Junaid Hassan (Strength: 6 joint crimes)
Kamran Hassan <--> Kamran Hussain (Strength: 6 joint crimes)
Talha Khan <--> Tariq Hassan (Strength: 6 joint crimes)
Talha Khan <--> Hassan Malik (Strength: 6 joint crimes)
Wasim Shah <--> Usman Ali (Strength: 6 joint crimes)
Imran Hassan <--> Hassan Ahmed (Strength: 6 joint crimes)
Imran Hassan <--> Adnan Shah (Strength: 6 joint crimes)
Junaid Butt <--> Junaid Malik (Strength: 6 joint crimes)
Kamran Ali <--> Rizwan Ali (Strength: 6 joint crimes)
Kamran Ali <--> Omar Hassan (Strength: 6 joint crimes)
Salman Ahmed <--> Salman Khan (Strength: 6 joint crimes)
Fahad Hassan <--> Fahad Shah (Strength: 6 joint crimes)
Fahad Ali <--> Fahad Shah (Strength: 6 joint crimes)
Adnan Butt <--> Ahmed Ali (Strength: 6 joint crimes)
Adnan Ahmed <--> Ahmed Khan (Strength: 6 joint crimes)
Wasim Malik <--> Wasim Khan (Strength: 6 joint crimes)
Wasim Malik <--> Wasim Hassan (Strength: 6 joint crimes)
Adnan Sheikh <--> Adnan Khan (Strength: 6 joint crimes)
Adnan Sheikh <--> Adnan Shah (Strength: 6 joint crimes)
Adnan Sheikh <--> Adnan Butt (Strength: 6 joint crimes)
Adnan Khan <--> Adnan Ali (Strength: 6 joint crimes)
Imran Hassan <--> Shahid Ali (Strength: 6 joint crimes)
Imran Hassan <--> Hassan Khan (Strength: 6 joint crimes)
Shahid Malik <--> Shahid Ahmed (Strength: 6 joint crimes)
Shahid Mahmood <--> Shahid Ahmed (Strength: 6 joint crimes)
Ali Hassan <--> Ali Shah, Hassan Malik (Strength: 6 joint crimes)
Ali Hassan <--> Ali Raza (Strength: 6 joint crimes)
Ali Hassan <--> Ali Shah (Strength: 6 joint crimes)
Usman Butt <--> Usman Ahmed (Strength: 6 joint crimes)
Usman Butt <--> Wasim Khan (Strength: 6 joint crimes)
Wasim Khan <--> Usman Khan (Strength: 6 joint crimes)
Hamza Sheikh <--> Hamza Shah (Strength: 6 joint crimes)
Hamza Hassan <--> Hamza Shah (Strength: 6 joint crimes)
Hamza Malik <--> Hamza Khan (Strength: 6 joint crimes)
Talha Shah <--> Zain Ali (Strength: 6 joint crimes)
Kamran Shah <--> Wasim Hassan (Strength: 6 joint crimes)
Rizwan Shah <--> Ahmed Shah (Strength: 6 joint crimes)
Kamran Ahmed <--> Fahad Ali (Strength: 6 joint crimes)
Bilal Ahmed <--> Junaid Khan (Strength: 6 joint crimes)
Hassan Shah <--> Fahad Khan (Strength: 6 joint crimes)
Talha Khan <--> Junaid Malik (Strength: 6 joint crimes)
Imran Hassan <--> Hamza Ali (Strength: 6 joint crimes)
Imran Hassan <--> Zain Butt (Strength: 6 joint crimes)
Imran Hassan <--> Salman Butt (Strength: 6 joint crimes)
Imran Hassan <--> Tariq Saeed (Strength: 6 joint crimes)
Kamran Ali <--> Rizwan Shah (Strength: 6 joint crimes)
Kamran Ali <--> Omar Butt (Strength: 6 joint crimes)
Imran Hassan <--> Ahmed Malik (Strength: 6 joint crimes)
Imran Hassan <--> Rizwan Ahmed (Strength: 6 joint crimes)
Imran Hassan <--> Usman Hassan (Strength: 6 joint crimes)
Zain Shah <--> Talha Ali (Strength: 6 joint crimes)
Zain Shah <--> Zain Butt (Strength: 7 joint crimes)
Hassan Butt <--> Hassan Ahmed (Strength: 9 joint crimes)
Total Network Strength: 610
Key Connections to Disrupt: 103

=== PRIM'S ALGORITHM (Sequential Network Building) ===
Network Expansion from Main Suspect:
Ahmed Butt --> Tariq Shah (Strength: 6)
Bilal Hassan --> Tariq Hassan (Strength: 6)
Bilal Hassan --> Tariq Ali (Strength: 6)
Tariq Shah --> Tariq Saeed (Strength: 6)
Tariq Ali --> Ahmed Khan (Strength: 6)
Bilal Khan --> Ahmed Malik (Strength: 6)
Ahmed Malik --> Ahmed Aslam (Strength: 6)
Tariq Ali --> Ahmed Shah (Strength: 6)
Tariq Ali --> Ahmed Ali (Strength: 6)
Tariq Khan --> Ahmed Butt (Strength: 6)
Tariq Khan --> Ahmed Hassan (Strength: 6)
Tariq Ali --> Bilal Ahmed (Strength: 6)
Bilal Ali --> Bilal Malik (Strength: 6)
Adnan Hassan --> Bilal Ali (Strength: 6)
Junaid Shah --> Bilal Hassan (Strength: 5)
Tariq Hassan --> Bilal Khan (Strength: 6)
Tariq Khan --> Bilal Shah (Strength: 6)
Ahmed Khan --> Zain Hassan (Strength: 5)
Junaid Shah --> Zain Khan (Strength: 6)
Zain Ali --> Zain Shah (Strength: 7)
Tariq Ali --> Zain Butt (Strength: 6)
Kamran Ahmed --> Zain Ali (Strength: 5)
Omar Butt --> Omar Malik (Strength: 6)
Tariq Ali --> Omar Hassan (Strength: 6)
Tariq Khan --> Omar Khan (Strength: 6)
Ahmed Butt --> Omar Butt (Strength: 6)
Bilal Hassan --> Omar Ali (Strength: 6)
Bilal Hassan --> Imran Hassan (Strength: 6)
Bilal Ahmed --> Imran Shah (Strength: 5)
Ahmed Khan --> Imran Khan (Strength: 5)
Imran Ali --> Imran Malik (Strength: 6)
Tariq Ali --> Imran Ali (Strength: 6)
Tariq Ali --> Imran Butt (Strength: 6)
Tariq Khan --> Kamran Ali (Strength: 6)
Ahmed Khan --> Kamran Ahmed (Strength: 5)
Kamran Hassan --> Kamran Butt (Strength: 6)
Tariq Ali --> Kamran Shah (Strength: 6)
Ahmed Khan --> Kamran Hassan (Strength: 5)
Kamran Hassan --> Kamran Hussain (Strength: 6)
Hassan Ahmed --> Hassan Butt (Strength: 9)
Tariq Ali --> Hassan Ali (Strength: 6)
Tariq Ali --> Hassan Ahmed (Strength: 6)
Tariq Khan --> Hassan Malik (Strength: 6)
Tariq Ali --> Hassan Khan (Strength: 6)
Tariq Ali --> Hassan Shah (Strength: 6)
Tariq Ali --> Rizwan Ali (Strength: 6)
Ahmed Hassan --> Rizwan Ahmed (Strength: 6)
Ahmed Shah --> Rizwan Shah (Strength: 6)
Tariq Khan --> Rizwan Khan (Strength: 6)
Bilal Hassan --> Rizwan Hassan (Strength: 6)
Tariq Khan --> Junaid Shah (Strength: 5)
Tariq Khan --> Junaid Hassan (Strength: 6)
Bilal Hassan --> Junaid Khan (Strength: 6)
Junaid Malik --> Junaid Butt (Strength: 6)
Adnan Hassan --> Junaid Malik (Strength: 6)
Ahmed Ali --> Junaid Ali (Strength: 6)
Bilal Hassan --> Talha Khan (Strength: 6)
Junaid Shah --> Talha Shah (Strength: 6)
Imran Shah --> Talha Hassan (Strength: 5)
Zain Shah --> Talha Ali (Strength: 6)
Bilal Hassan --> Salman Ahmed (Strength: 6)
Tariq Khan --> Salman Ali (Strength: 6)
Ahmed Butt --> Salman Butt (Strength: 6)
Tariq Ali --> Salman Hassan (Strength: 6)
Tariq Hassan --> Salman Khan (Strength: 6)
Tariq Ali --> Fahad Hassan (Strength: 6)
Tariq Ali --> Fahad Ali (Strength: 6)
Fahad Hassan --> Fahad Shah (Strength: 6)
Tariq Khan --> Fahad Khan (Strength: 6)
Bilal Hassan --> Wasim Shah (Strength: 6)
Ahmed Hassan --> Wasim Malik (Strength: 6)
Wasim Malik --> Wasim Khan (Strength: 6)
Tariq Khan --> Wasim Ali (Strength: 6)
Ahmed Hassan --> Wasim Hassan (Strength: 6)
Omar Malik --> Adnan Sheikh (Strength: 6)
Bilal Hassan --> Adnan Ahmed (Strength: 6)
Bilal Khan --> Adnan Khan (Strength: 6)
Tariq Ali --> Adnan Shah (Strength: 6)
Ahmed Ali --> Adnan Butt (Strength: 6)
Ahmed Khan --> Adnan Hassan (Strength: 5)
Ahmed Butt --> Adnan Ali (Strength: 6)
Tariq Ali --> Shahid Malik (Strength: 6)
Bilal Hassan --> Shahid Khan (Strength: 6)
Tariq Ali --> Shahid Ali (Strength: 6)
Shahid Ahmed --> Shahid Mahmood (Strength: 6)
Ahmed Khan --> Shahid Hassan (Strength: 5)
Tariq Ali --> Shahid Ahmed (Strength: 6)
Tariq Ali --> Ali Hassan (Strength: 6)
Ali Hassan --> Ali Shah, Hassan Malik (Strength: 6)
Junaid Ali --> Ali Raza (Strength: 6)
Ahmed Butt --> Ali Shah (Strength: 6)
Wasim Khan --> Usman Butt (Strength: 6)
Tariq Ali --> Usman Hassan (Strength: 6)
Ahmed Butt --> Usman Ahmed (Strength: 6)
Tariq Ali --> Usman Ali (Strength: 6)
Tariq Ali --> Usman Khan (Strength: 6)
Hassan Khan --> Hamza Sheikh (Strength: 6)
Tariq Khan --> Hamza Hassan (Strength: 6)
Imran Shah --> Hamza Malik (Strength: 5)
Junaid Shah --> Hamza Ahmed (Strength: 6)
Ahmed Butt --> Hamza Khan (Strength: 6)
Tariq Ali --> Hamza Ali (Strength: 6)
Ahmed Ali --> Hamza Shah (Strength: 6)
Total Investigation Path Weight: 610

=== FLOYD WARSHALL ALGORITHM (All Shortest Paths) ===
Shortest Connection Paths Between All Criminals:

From/To	C0	C1	C2	C3	C4	C5	C6	C7	C8	C9	C10	C11	C12	C13	C14	C15	C16	C17	C18	C19	C20	C21	C22	C23	C24	C25	C26	C27	C28	C29	C30	C31	C32	C33	C34	C35	C36	C37	C38	C39	C40	C41	C42	C43	C44	C45	C46	C47	C48	C49	C50	C51	C52	C53	C54	C55	C56	C57	C58	C59	C60	C61	C62	C63	C64	C65	C66	C67	C68	C69	C70	C71	C72	C73	C74	C75	C76	C77	C78	C79	C80	C81	C82	C83	C84	C85	C86	C87	C88	C89	C90	C91	C92	C93	C94	C95	C96	C97	C98	C99	C100	C101	C102	C103	
C0	0	7	12	12	9	12	12	18	12	12	6	6	12	14	12	6	12	6	12	7	19	12	12	13	12	6	12	12	12	12	12	18	12	12	6	12	18	12	12	18	21	12	12	6	12	12	12	12	12	6	12	5	6	12	13	12	12	12	7	12	20	12	6	12	12	12	12	12	18	6	12	12	15	6	12	18	7	18	12	18	12	12	12	7	12	18	12	12	12	18	18	12	18	7	12	12	12	13	6	12	11	12	12	12	
C1	7	0	9	12	6	12	14	20	12	12	6	12	12	18	12	12	12	6	12	7	19	12	12	13	12	12	7	12	12	11	14	18	12	12	6	12	14	12	12	18	21	12	12	6	12	12	12	14	7	12	12	12	12	12	16	12	6	12	7	6	16	12	12	12	7	12	12	12	18	12	12	12	18	12	12	18	7	18	12	18	12	12	12	12	12	18	12	12	12	18	12	12	12	12	6	12	12	18	12	16	6	12	12	12	
C2	12	9	0	12	9	12	12	18	12	12	6	6	12	14	12	6	6	6	12	7	19	12	12	18	12	12	12	6	12	11	12	18	12	12	6	12	18	12	12	18	21	12	12	6	12	12	12	12	12	12	6	11	6	12	18	12	12	6	7	6	14	6	6	12	12	6	12	12	18	6	6	12	18	12	12	18	7	12	12	18	12	12	12	7	12	18	12	12	12	18	18	12	18	7	12	12	12	18	12	16	6	12	12	12	
C3	12	12	12	0	12	6	12	14	6	6	6	6	6	12	12	6	6	6	9	6	13	6	6	13	6	12	12	6	6	6	6	12	6	6	6	6	12	6	6	12	15	6	6	6	6	6	6	12	12	6	6	11	12	6	13	12	12	12	6	6	16	6	6	12	6	12	6	6	12	6	12	12	12	12	9	12	6	12	6	12	6	12	6	6	6	12	6	6	6	12	12	12	15	6	12	6	6	12	12	11	6	12	6	12	
C4	9	6	9	12	0	12	12	18	12	12	9	12	12	12	12	12	6	6	12	12	19	12	12	18	12	12	12	12	6	11	12	18	12	12	12	12	18	12	12	18	21	6	12	6	12	12	12	12	12	12	6	12	12	12	16	12	6	12	12	6	16	12	12	7	7	12	12	12	18	12	6	12	18	12	12	18	7	12	12	18	12	12	12	7	12	18	12	12	12	18	12	15	18	12	12	12	12	15	14	16	6	12	12	12	
C5	12	12	12	6	12	0	10	9	10	11	11	11	11	12	8	11	6	6	5	6	14	11	10	18	12	11	12	9	6	11	5	13	11	11	11	5	11	11	5	11	20	6	11	6	11	12	12	12	12	12	6	12	6	11	17	11	12	12	9	12	20	12	6	12	6	12	11	6	12	6	6	12	18	12	12	12	6	12	6	12	5	12	11	6	12	12	5	12	12	18	18	17	18	7	12	12	12	15	12	16	6	12	11	12	
C6	12	14	12	12	12	10	0	6	7	9	12	12	12	12	12	12	6	12	12	7	19	12	12	19	12	12	14	6	6	12	12	18	12	12	12	12	18	12	12	18	18	6	12	12	12	7	12	6	13	12	6	12	12	12	14	12	12	12	12	12	20	12	12	12	12	12	12	12	18	6	6	12	13	12	12	18	12	12	12	15	12	12	12	7	12	18	12	12	12	18	18	18	16	12	14	12	7	14	12	13	12	7	12	12	
C7	18	20	18	14	18	9	6	0	8	11	15	15	18	18	17	18	12	14	14	13	21	14	17	25	18	18	20	12	12	18	14	22	18	17	17	14	20	18	14	20	24	12	18	15	17	13	18	12	14	18	12	18	15	18	20	18	17	18	15	18	26	18	14	18	15	18	18	14	20	12	12	18	19	17	18	21	15	18	15	17	14	18	17	13	18	20	14	14	18	24	23	21	22	15	20	18	13	20	18	19	15	13	14	17	
C8	12	12	12	6	12	10	7	8	0	11	12	12	12	18	12	12	12	6	12	12	13	6	12	18	12	12	12	6	12	12	12	18	12	12	12	12	18	12	12	18	21	6	12	12	12	12	12	12	6	12	6	12	12	12	18	12	12	12	7	12	19	12	6	12	12	12	12	6	12	12	6	12	18	12	12	18	12	18	12	17	12	12	12	6	12	12	12	6	12	18	18	18	18	7	12	12	12	13	12	13	12	12	6	12	
C9	12	12	12	6	12	11	9	11	11	0	12	12	9	12	12	12	6	9	11	6	13	12	6	18	12	12	12	6	6	12	12	12	12	6	6	6	13	12	12	13	15	6	12	6	6	12	12	12	12	12	6	12	6	12	16	12	6	12	6	12	19	12	6	12	12	12	12	12	18	6	6	12	15	6	12	12	6	12	12	6	12	12	6	6	12	13	6	12	12	18	12	18	18	6	12	12	12	12	12	12	6	12	12	6	
C10	6	6	6	6	9	11	12	15	12	12	0	12	6	12	6	6	6	6	6	12	13	6	12	12	12	6	6	12	6	6	12	12	6	12	6	11	13	6	11	13	15	6	12	6	6	6	12	12	6	12	6	6	6	6	12	6	6	6	6	6	14	6	6	6	6	6	6	12	12	6	6	12	15	6	12	12	6	12	6	12	6	6	12	6	6	14	12	12	12	12	12	6	12	6	6	12	12	12	12	11	6	6	6	6	
C11	6	12	6	6	12	11	12	15	12	12	12	0	9	12	12	6	12	6	12	6	13	6	6	13	6	6	12	6	6	6	6	12	12	6	6	11	13	6	12	13	15	6	6	12	6	6	6	6	12	6	6	6	6	6	12	6	6	12	6	6	16	6	6	12	6	12	6	6	12	6	6	6	12	6	6	13	6	12	12	12	6	6	12	6	12	12	6	6	6	12	12	12	15	6	12	6	6	12	6	11	6	6	6	6	
C12	12	12	12	6	12	11	12	18	12	9	6	9	0	9	10	12	11	12	12	6	19	12	12	18	12	12	12	6	12	5	12	12	12	12	6	12	18	12	12	18	15	6	6	6	12	12	12	12	12	12	6	12	9	6	15	12	11	12	6	10	20	12	6	12	12	12	12	12	18	6	6	12	18	12	12	18	7	17	12	15	12	12	12	12	12	13	6	12	12	18	17	12	18	10	12	12	12	15	12	10	6	12	12	12	
C13	14	18	14	12	12	12	12	18	18	12	12	12	9	0	6	8	12	12	12	12	19	12	12	19	12	12	18	12	6	12	17	19	18	18	12	12	19	12	17	19	21	12	12	12	12	12	18	12	18	12	12	13	12	12	18	12	12	14	13	12	22	14	12	12	12	17	12	18	18	14	12	12	18	12	18	18	12	18	12	18	12	12	18	12	12	20	15	18	12	18	18	18	21	12	18	12	12	18	18	17	12	12	12	12	
C14	12	12	12	12	12	8	12	17	12	12	6	12	10	6	0	12	12	12	12	12	19	12	12	18	12	12	12	6	6	6	12	13	12	12	12	12	18	12	12	18	21	6	12	6	12	12	12	12	12	12	6	12	6	12	16	12	6	12	7	6	16	12	12	12	12	12	12	12	18	12	6	12	18	12	12	12	7	12	6	12	6	12	12	7	12	18	12	12	12	18	12	12	18	7	12	12	12	15	14	11	6	12	12	12	
C15	6	12	6	6	12	11	12	18	12	12	6	6	12	8	12	0	12	11	6	6	15	12	12	13	12	6	12	6	6	12	12	18	12	12	6	11	17	12	11	17	21	12	12	6	12	12	12	12	12	12	6	5	6	6	13	12	12	6	6	12	14	6	6	12	12	9	12	12	18	6	6	12	18	12	12	18	6	18	12	18	12	12	12	6	12	18	12	12	12	18	18	12	18	7	12	12	12	18	12	17	6	12	12	12	
C16	12	12	6	6	6	6	6	12	12	6	6	12	11	12	12	12	0	12	6	7	13	6	6	13	6	6	12	6	6	6	11	12	6	12	6	6	12	6	6	12	15	9	6	6	6	7	12	6	12	6	6	12	6	6	12	6	6	6	7	6	14	12	12	6	6	6	6	6	12	6	6	6	12	6	12	12	7	6	6	12	6	6	6	6	6	14	11	12	6	12	12	12	15	7	12	9	6	12	12	11	6	6	6	6	
C17	6	6	6	6	6	6	12	14	6	9	6	6	12	12	12	11	12	0	6	6	13	6	6	12	12	6	6	6	6	11	11	18	12	12	6	6	12	6	6	12	15	12	6	6	12	6	12	12	6	12	6	6	6	6	13	12	6	6	6	6	14	12	6	6	6	6	6	6	12	6	6	12	15	6	12	12	6	12	6	12	6	6	6	6	12	12	11	6	12	18	12	12	12	12	6	12	12	12	12	12	6	6	6	6	
C18	12	12	12	9	12	5	12	14	12	11	6	12	12	12	12	6	6	6	0	11	9	12	10	18	12	12	12	6	6	12	10	18	12	12	12	5	11	12	5	11	21	11	12	6	12	10	12	12	12	12	6	11	6	6	15	12	12	12	6	12	15	12	6	12	11	12	12	6	12	6	6	12	18	12	12	17	7	12	11	17	10	12	11	6	12	17	10	12	12	18	18	12	18	7	12	12	12	18	12	17	6	12	12	12	
C19	7	7	7	6	12	6	7	13	12	6	12	6	6	12	12	6	7	6	11	0	15	12	11	13	7	7	7	6	6	6	11	13	12	12	6	6	13	12	7	13	16	12	7	6	12	7	7	7	7	7	6	6	6	7	14	12	6	7	7	6	15	7	6	12	7	7	12	7	13	6	7	7	13	7	7	13	7	13	7	12	11	12	7	7	12	14	7	12	7	13	12	13	13	7	7	6	7	14	7	11	6	7	7	12	
C20	19	19	19	13	19	14	19	21	13	13	13	13	19	19	19	15	13	13	9	15	0	7	7	25	19	19	19	13	13	19	19	19	19	13	13	12	19	13	14	19	22	13	19	13	13	14	19	19	19	19	13	19	13	15	21	19	19	14	13	16	6	19	13	19	19	19	13	13	19	13	13	19	25	19	19	20	14	19	19	19	13	13	18	13	19	19	13	13	19	25	25	19	25	14	19	19	19	19	19	19	13	13	13	19	
C21	12	12	12	6	12	11	12	14	6	12	6	6	12	12	12	12	6	6	12	12	7	0	12	18	12	12	12	6	6	12	12	12	12	6	6	12	13	6	12	13	15	6	12	6	6	7	12	12	12	12	6	12	6	12	14	12	12	12	7	12	13	12	6	12	12	12	6	6	12	6	6	12	18	12	12	13	7	12	12	12	6	6	12	7	12	12	6	6	12	18	18	12	18	7	12	12	12	12	12	12	12	6	6	12	
C22	12	12	12	6	12	10	12	17	12	6	12	6	12	12	12	12	6	6	10	11	7	12	0	18	12	12	12	6	6	12	12	18	12	12	12	5	12	12	12	12	18	12	12	6	12	7	12	12	12	12	6	12	6	12	14	12	12	12	6	12	13	12	6	12	12	12	12	11	17	6	6	12	18	12	12	18	7	12	12	12	12	12	11	6	12	18	12	12	12	18	18	18	18	7	12	12	12	18	12	17	6	12	12	12	
C23	13	13	18	13	18	18	19	25	18	18	12	13	18	19	18	13	13	12	18	13	25	18	18	0	7	7	6	15	13	17	19	24	18	18	12	18	13	18	18	21	27	13	18	12	18	18	13	19	13	13	13	13	13	18	20	14	12	18	13	12	22	18	13	18	13	18	18	18	24	13	13	13	19	14	18	6	13	12	12	12	13	14	18	14	18	24	18	18	18	24	18	18	19	14	13	13	14	20	13	19	12	18	14	18	
C24	12	12	12	6	12	12	12	18	12	12	12	6	12	12	12	12	6	12	12	7	19	12	12	7	0	12	7	12	6	12	12	18	12	12	6	12	14	12	12	18	21	6	12	6	12	12	6	12	12	12	6	12	12	12	18	12	12	12	7	12	20	12	6	12	12	12	12	12	18	6	6	6	12	12	12	13	7	12	12	18	12	12	12	7	12	18	12	12	12	18	18	18	16	12	12	6	7	14	12	14	6	12	7	12	
C25	6	12	12	12	12	11	12	18	12	12	6	6	12	12	12	6	6	6	12	7	19	12	12	7	12	0	10	12	6	12	12	18	12	12	6	12	17	12	12	18	21	6	12	6	12	12	12	12	12	6	6	6	6	12	13	7	12	12	10	12	20	12	6	12	12	12	12	12	18	6	6	7	13	7	12	13	7	12	12	13	6	12	12	7	12	18	12	12	12	18	18	12	16	7	12	6	12	13	6	12	6	12	7	12	
C26	12	7	12	12	12	12	14	20	12	12	6	12	12	18	12	12	12	6	12	7	19	12	12	6	7	10	0	12	12	11	14	18	12	12	6	12	7	12	12	15	21	12	12	6	12	12	12	14	7	12	12	12	12	12	16	12	6	12	7	6	16	12	12	12	7	12	12	12	18	12	12	12	18	12	12	12	7	18	12	18	12	12	12	12	12	18	12	12	12	18	12	12	13	12	7	12	12	18	12	16	6	12	12	12	
C27	12	12	6	6	12	9	6	12	6	6	12	6	6	12	6	6	6	6	6	6	13	6	6	15	12	12	12	0	6	6	6	12	6	6	6	11	17	12	11	17	15	6	6	6	6	6	12	6	12	6	6	11	6	6	13	12	6	12	12	6	16	6	6	12	6	12	12	6	12	6	6	12	12	12	6	18	6	12	12	12	12	12	12	6	6	12	6	6	6	12	12	12	15	6	12	6	6	12	12	11	6	6	6	12	
C28	12	12	12	6	6	6	6	12	12	6	6	6	12	6	6	6	6	6	6	6	13	6	6	13	6	6	12	6	0	11	11	15	12	12	6	6	13	6	11	13	15	6	6	6	6	6	12	6	12	6	6	11	6	6	12	6	6	12	12	6	16	12	6	6	6	12	6	12	12	12	6	6	12	6	12	12	6	12	6	12	6	6	12	6	6	14	11	12	6	12	12	12	15	6	12	6	6	12	12	12	6	6	6	6	
C29	12	11	11	6	11	11	12	18	12	12	6	6	5	12	6	12	6	11	12	6	19	12	12	17	12	12	11	6	11	0	7	7	7	7	11	12	18	12	12	18	15	9	6	11	12	12	12	12	11	12	6	12	6	11	16	12	6	12	11	5	15	11	6	11	11	12	12	12	18	11	6	12	18	12	12	18	7	12	12	18	12	12	12	11	12	13	6	12	12	18	12	12	17	7	11	12	12	13	11	5	6	11	12	11	
C30	12	14	12	6	12	5	12	14	12	12	12	6	12	17	12	12	11	11	10	11	19	12	12	19	12	12	14	6	11	7	0	8	6	6	12	10	16	12	10	16	21	6	12	11	12	12	12	12	14	12	6	12	11	12	18	12	12	12	7	12	20	12	6	12	7	12	12	11	17	6	6	12	18	12	12	17	11	17	11	17	10	12	12	7	12	13	6	12	12	18	18	18	20	7	14	12	12	15	12	12	11	12	12	12	
C31	18	18	18	12	18	13	18	22	18	12	12	12	12	19	13	18	12	18	18	13	19	12	18	24	18	18	18	12	15	7	8	0	6	6	12	18	24	18	18	24	22	12	13	12	13	18	18	18	18	18	12	18	12	18	23	18	13	18	13	12	22	18	12	18	15	18	18	18	24	14	12	18	24	18	18	24	13	18	18	18	18	18	18	13	12	19	12	18	18	24	19	18	24	13	18	18	18	19	18	12	12	18	18	18	
C32	12	12	12	6	12	11	12	18	12	12	6	12	12	18	12	12	6	12	12	12	19	12	12	18	12	12	12	6	12	7	6	6	0	6	12	12	18	12	12	18	16	6	12	12	7	12	12	12	12	12	6	12	6	12	18	12	12	12	12	12	20	12	12	12	12	12	12	12	18	12	6	12	18	12	12	18	7	12	12	18	12	12	12	12	6	14	12	12	12	18	18	12	18	7	12	12	12	13	14	12	6	12	12	12	
C33	12	12	12	6	12	11	12	17	12	6	12	6	12	18	12	12	12	12	12	12	13	6	12	18	12	12	12	6	12	7	6	6	6	0	6	12	18	12	12	18	16	12	12	6	7	12	12	12	12	12	12	12	12	12	18	12	12	12	7	12	19	12	6	12	12	12	12	12	18	9	12	12	18	12	12	18	7	18	12	12	12	12	12	7	12	13	6	12	12	18	18	18	18	7	12	12	12	13	12	12	12	12	12	12	
C34	6	6	6	6	12	11	12	17	12	6	6	6	6	12	12	6	6	6	12	6	13	6	12	12	6	6	6	6	6	11	12	12	12	6	0	12	13	12	12	15	15	6	6	6	6	12	6	12	6	6	6	6	6	6	14	12	6	6	6	6	14	6	6	12	6	6	6	12	12	6	6	6	12	6	6	12	6	12	6	12	6	12	6	12	12	13	6	12	6	12	12	12	12	6	6	6	6	12	6	12	12	12	6	12	
C35	12	12	12	6	12	5	12	14	12	6	11	11	12	12	12	11	6	6	5	6	12	12	5	18	12	12	12	11	6	12	10	18	12	12	12	0	7	10	9	7	21	11	12	6	12	12	12	12	12	12	11	12	6	11	18	12	12	12	6	12	18	12	6	12	11	12	12	6	12	6	6	12	18	12	12	17	7	12	11	12	10	12	6	11	12	14	10	12	12	18	18	17	18	7	12	12	12	18	12	17	6	12	12	12	
C36	18	14	18	12	18	11	18	20	18	13	13	13	18	19	18	17	12	12	11	13	19	13	12	13	14	17	7	17	13	18	16	24	18	18	13	7	0	7	6	8	25	13	18	12	18	14	18	18	14	18	17	18	12	17	21	18	13	18	13	13	23	18	12	18	14	18	13	12	18	12	13	18	19	18	13	19	14	18	17	19	13	13	13	14	18	21	16	18	18	24	19	19	20	13	14	18	18	20	18	19	13	13	18	18	
C37	12	12	12	6	12	11	12	18	12	12	6	6	12	12	12	12	6	6	12	12	13	6	12	18	12	12	12	12	6	12	12	18	12	12	12	10	7	0	9	7	18	6	12	6	12	7	12	12	12	12	12	12	6	12	14	12	12	12	7	12	19	12	6	12	12	12	6	12	12	12	6	12	12	12	6	13	7	12	12	12	6	6	12	7	12	18	12	12	12	18	18	12	18	12	12	12	12	13	12	12	12	6	12	12	
C38	12	12	12	6	12	5	12	14	12	12	11	12	12	17	12	11	6	6	5	7	14	12	12	18	12	12	12	11	11	12	10	18	12	12	12	9	6	9	0	6	21	11	12	6	12	12	12	12	12	12	11	12	6	11	18	12	12	12	7	12	20	12	6	12	11	12	12	6	12	6	11	12	18	12	12	17	11	12	11	17	10	12	12	11	12	17	10	12	12	18	18	17	18	7	12	12	12	18	12	17	11	12	12	12	
C39	18	18	18	12	18	11	18	20	18	13	13	13	18	19	18	17	12	12	11	13	19	13	12	21	18	18	15	17	13	18	16	24	18	18	15	7	8	7	6	0	25	13	18	12	18	14	18	18	18	18	17	18	12	17	21	18	18	18	13	18	25	18	12	18	17	18	13	12	18	12	13	18	19	18	13	20	14	18	17	19	13	13	13	14	18	21	16	18	18	24	24	19	24	13	18	18	18	20	18	19	13	13	18	18	
C40	21	21	21	15	21	20	18	24	21	15	15	15	15	21	21	21	15	15	21	16	22	15	18	27	21	21	21	15	15	15	21	22	16	16	15	21	25	18	21	25	0	15	9	15	9	11	21	18	21	21	15	21	15	18	18	21	21	21	16	20	28	21	15	21	21	21	21	21	27	15	15	21	27	18	21	22	16	21	16	21	21	18	21	16	15	22	15	21	21	27	27	21	27	16	21	21	21	15	21	20	15	18	21	21	
C41	12	12	12	6	6	6	6	12	6	6	6	6	6	12	6	12	9	12	11	12	13	6	12	13	6	6	12	6	6	9	6	12	6	12	6	11	13	6	11	13	15	0	12	12	12	12	12	6	12	6	6	12	6	12	12	6	6	12	6	6	16	12	6	6	6	12	12	6	12	6	6	6	12	6	12	12	6	12	6	12	6	6	12	6	6	12	6	6	6	12	12	12	15	6	12	6	6	9	12	12	6	6	6	6	
C42	12	12	12	6	12	11	12	18	12	12	12	6	6	12	12	12	6	6	12	7	19	12	12	18	12	12	12	6	6	6	12	13	12	12	6	12	18	12	12	18	9	12	0	12	12	12	12	12	12	12	6	12	6	12	18	12	12	12	7	11	20	12	6	12	12	12	12	12	18	6	6	12	18	12	12	13	12	12	7	13	12	12	12	12	12	13	6	12	12	18	18	18	18	7	12	12	12	18	12	11	12	12	12	12	
C43	6	6	6	6	6	6	12	15	12	6	6	12	6	12	6	6	6	6	6	6	13	6	6	12	6	6	6	6	6	11	11	12	12	6	6	6	12	6	6	12	15	12	12	0	12	12	6	12	6	12	6	6	6	6	12	6	6	6	6	6	14	6	6	6	6	6	6	6	12	6	12	12	12	6	6	12	6	12	6	12	6	12	6	6	12	13	6	12	12	18	12	12	12	6	6	6	6	12	12	12	6	12	6	6	
C44	12	12	12	6	12	11	12	17	12	6	6	6	12	12	12	12	6	12	12	12	13	6	12	18	12	12	12	6	6	12	12	13	7	7	6	12	18	12	12	18	9	12	12	12	0	12	12	12	12	12	6	12	6	12	18	12	12	12	7	12	19	12	6	12	12	12	12	12	18	6	6	12	18	12	12	18	7	12	12	12	12	12	12	7	6	13	6	12	12	18	18	12	18	7	12	12	12	6	12	14	6	12	12	12	
C45	12	12	12	6	12	12	7	13	12	12	6	6	12	12	12	12	7	6	10	7	14	7	7	18	12	12	12	6	6	12	12	18	12	12	12	12	14	7	12	14	11	12	12	12	12	0	12	7	12	12	6	12	6	7	7	12	12	12	7	12	20	12	6	12	12	12	12	12	18	6	7	12	16	7	12	15	7	13	12	13	12	7	12	7	12	18	12	12	12	18	18	12	18	7	12	12	12	14	12	13	6	7	12	12	
C46	12	12	12	6	12	12	12	18	12	12	12	6	12	18	12	12	12	12	12	7	19	12	12	13	6	12	12	12	12	12	12	18	12	12	6	12	18	12	12	18	21	12	12	6	12	12	0	9	7	12	12	12	12	12	18	12	12	12	7	12	20	12	6	12	12	12	12	12	18	6	6	12	12	12	12	18	7	18	12	18	12	12	12	7	12	18	12	12	12	18	18	18	15	12	12	12	6	18	12	17	12	12	12	12	
C47	12	14	12	12	12	12	6	12	12	12	12	6	12	12	12	12	6	12	12	7	19	12	12	19	12	12	14	6	6	12	12	18	12	12	12	12	18	12	12	18	18	6	12	12	12	7	9	0	7	11	12	12	12	12	14	12	12	12	12	12	20	12	12	12	12	12	12	12	18	6	6	12	18	12	12	18	12	12	12	18	12	12	12	7	12	18	12	12	12	18	18	18	20	12	14	12	12	13	12	12	12	6	12	12	
C48	12	7	12	12	12	12	13	14	6	12	6	12	12	18	12	12	12	6	12	7	19	12	12	13	12	12	7	12	12	11	14	18	12	12	6	12	14	12	12	18	21	12	12	6	12	12	7	7	0	7	12	12	12	12	18	12	9	12	7	6	16	12	12	12	7	12	12	12	18	12	12	12	18	12	12	18	7	18	12	18	12	12	12	12	12	18	12	12	12	18	15	12	13	12	7	12	12	18	12	16	6	12	12	12	
C49	6	12	12	6	12	12	12	18	12	12	12	6	12	12	12	12	6	12	12	7	19	12	12	13	12	6	12	6	6	12	12	18	12	12	6	12	18	12	12	18	21	6	12	12	12	12	12	11	7	0	12	11	12	12	18	12	12	12	12	12	20	12	6	12	12	12	12	12	18	6	6	12	12	6	12	18	12	12	12	18	12	12	12	7	12	18	12	12	6	12	12	12	15	7	12	12	6	13	6	12	6	12	12	12	
C50	12	12	6	6	6	6	6	12	6	6	6	6	6	12	6	6	6	6	6	6	13	6	6	13	6	6	12	6	6	6	6	12	6	12	6	11	17	12	11	17	15	6	6	6	6	6	12	12	12	12	0	11	6	6	12	6	6	6	6	6	14	12	12	6	6	6	12	6	12	6	6	6	12	12	12	13	12	12	12	12	6	12	12	6	6	12	6	6	6	12	12	12	15	6	12	6	6	12	12	11	6	6	6	12	
C51	5	12	11	11	12	12	12	18	12	12	6	6	12	13	12	5	12	6	11	6	19	12	12	13	12	6	12	11	11	12	12	18	12	12	6	12	18	12	12	18	21	12	12	6	12	12	12	12	12	11	11	0	11	10	8	7	11	11	6	12	19	11	6	12	12	12	12	12	18	6	11	12	18	11	12	18	7	18	12	18	12	12	12	11	12	18	12	12	12	18	17	12	18	7	12	12	12	18	11	17	6	12	12	12	
C52	6	12	6	12	12	6	12	15	12	6	6	6	9	12	6	6	6	6	6	6	13	6	6	13	12	6	12	6	6	6	11	12	6	12	6	6	12	6	6	12	15	6	6	6	6	6	12	12	12	12	6	11	0	12	13	12	12	6	6	11	14	12	6	12	12	6	6	6	12	6	6	12	15	6	12	12	6	12	6	12	6	6	12	12	6	13	6	12	12	18	18	12	18	6	12	12	12	12	12	11	6	6	12	6	
C53	12	12	12	6	12	11	12	18	12	12	6	6	6	12	12	6	6	6	6	7	15	12	12	18	12	12	12	6	6	11	12	18	12	12	6	11	17	12	11	17	18	12	12	6	12	7	12	12	12	12	6	10	12	0	9	10	12	12	7	12	20	12	6	12	12	12	12	12	18	6	6	12	18	12	12	18	7	12	12	18	12	12	12	7	12	18	12	12	12	18	18	12	18	7	12	12	12	18	12	16	6	12	12	12	
C54	13	16	18	13	16	17	14	20	18	16	12	12	15	18	16	13	12	13	15	14	21	14	14	20	18	13	16	13	12	16	18	23	18	18	14	18	21	14	18	21	18	12	18	12	18	7	18	14	18	18	12	8	13	9	0	6	10	12	14	16	20	18	13	16	16	18	18	18	24	12	12	18	23	14	18	19	14	18	18	19	12	14	16	13	18	24	18	18	18	24	16	18	22	13	16	18	18	20	18	20	13	14	13	18	
C55	12	12	12	12	12	11	12	18	12	12	6	6	12	12	12	12	6	12	12	12	19	12	12	14	12	7	12	12	6	12	12	18	12	12	12	12	18	12	12	18	21	6	12	6	12	12	12	12	12	12	6	7	12	10	6	0	9	6	12	12	14	12	12	12	12	12	12	12	18	6	6	12	18	12	12	13	12	12	12	13	6	12	12	7	12	18	12	12	12	18	15	12	18	7	12	12	12	14	12	14	12	12	7	12	
C56	12	6	12	12	6	12	12	17	12	6	6	6	11	12	6	12	6	6	12	6	19	12	12	12	12	12	6	6	6	6	12	13	12	12	6	12	13	12	12	18	21	6	12	6	12	12	12	12	9	12	6	11	12	12	10	9	0	12	6	6	16	12	12	6	6	12	12	12	18	12	6	12	18	12	12	18	7	12	12	12	12	12	6	9	12	14	12	12	12	14	6	12	12	7	6	12	12	15	12	11	9	12	12	12	
C57	12	12	6	12	12	12	12	18	12	12	6	12	12	14	12	6	6	6	12	7	14	12	12	18	12	12	12	12	12	12	12	18	12	12	6	12	18	12	12	18	21	12	12	6	12	12	12	12	12	12	6	11	6	12	12	6	12	0	12	12	8	12	6	12	12	6	12	12	18	12	6	12	18	12	12	18	7	12	12	18	12	12	12	12	12	18	12	12	12	18	18	12	18	12	12	12	12	18	12	17	6	12	12	12	
C58	7	7	7	6	12	9	12	15	7	6	6	6	6	13	7	6	7	6	6	7	13	7	6	13	7	10	7	12	12	11	7	13	12	7	6	6	13	7	7	13	16	6	7	6	7	7	7	12	7	12	6	6	6	7	14	12	6	12	0	12	15	7	6	12	7	12	7	7	13	6	7	12	13	7	7	13	7	13	7	12	7	7	7	7	12	13	7	7	12	18	12	12	13	7	7	6	7	13	12	13	6	7	7	7	
C59	12	6	6	6	6	12	12	18	12	12	6	6	10	12	6	12	6	6	12	6	16	12	12	12	12	12	6	6	6	5	12	12	12	12	6	12	13	12	12	18	20	6	11	6	12	12	12	12	6	12	6	12	11	12	16	12	6	12	12	0	10	6	11	6	6	12	12	12	18	6	6	12	18	12	12	18	6	12	12	18	12	12	12	6	12	18	11	12	12	18	12	12	12	7	6	12	12	15	12	10	6	12	12	12	
C60	20	16	14	16	16	20	20	26	19	19	14	16	20	22	16	14	14	14	15	15	6	13	13	22	20	20	16	16	16	15	20	22	20	19	14	18	23	19	20	25	28	16	20	14	19	20	20	20	16	20	14	19	14	20	20	14	16	8	15	10	0	16	14	16	16	14	19	19	25	16	14	20	26	20	20	26	15	20	20	25	19	19	20	16	20	25	19	19	20	26	22	20	22	17	16	20	20	25	20	20	14	19	19	20	
C61	12	12	6	6	12	12	12	18	12	12	6	6	12	14	12	6	12	12	12	7	19	12	12	18	12	12	12	6	12	11	12	18	12	12	6	12	18	12	12	18	21	12	12	6	12	12	12	12	12	12	12	11	12	12	18	12	12	12	7	6	16	0	12	7	12	6	12	12	18	6	12	12	18	12	12	18	7	18	12	18	12	12	12	7	12	18	12	12	12	18	18	12	18	7	12	12	12	18	12	16	12	12	12	12	
C62	6	12	6	6	12	6	12	14	6	6	6	6	6	12	12	6	12	6	6	6	13	6	6	13	6	6	12	6	6	6	6	12	12	6	6	6	12	6	6	12	15	6	6	6	6	6	6	12	12	6	12	6	6	6	13	12	12	6	6	11	14	12	0	12	12	12	6	6	12	6	6	12	12	6	6	12	6	12	6	12	6	12	6	6	12	12	6	6	12	18	18	12	15	6	12	6	6	12	6	11	6	12	6	6	
C63	12	12	12	12	7	12	12	18	12	12	6	12	12	12	12	12	6	6	12	12	19	12	12	18	12	12	12	12	6	11	12	18	12	12	12	12	18	12	12	18	21	6	12	6	12	12	12	12	12	12	6	12	12	12	16	12	6	12	12	6	16	7	12	0	12	8	12	12	18	12	6	12	18	12	12	18	7	12	12	18	12	12	12	7	12	18	12	12	12	18	12	12	18	12	12	12	12	15	14	16	6	12	12	12	
C64	12	7	12	6	7	6	12	15	12	12	6	6	12	12	12	12	6	6	11	7	19	12	12	13	12	12	7	6	6	11	7	15	12	12	6	11	14	12	11	17	21	6	12	6	12	12	12	12	7	12	6	12	12	12	16	12	6	12	7	6	16	12	12	12	0	10	12	12	18	6	6	12	13	12	7	18	7	12	12	18	11	12	12	7	12	13	6	12	12	18	12	12	13	7	7	6	12	15	12	16	6	12	12	12	
C65	12	12	6	12	12	12	12	18	12	12	6	12	12	17	12	9	6	6	12	7	19	12	12	18	12	12	12	12	12	12	12	18	12	12	6	12	18	12	12	18	21	12	12	6	12	12	12	12	12	12	6	12	6	12	18	12	12	6	12	12	14	6	12	8	10	0	12	12	18	12	6	12	18	12	12	18	7	12	12	18	12	12	12	12	12	18	12	12	12	18	18	12	18	12	12	12	12	18	12	17	6	12	12	12	
C66	12	12	12	6	12	11	12	18	12	12	6	6	12	12	12	12	6	6	12	12	13	6	12	18	12	12	12	12	6	12	12	18	12	12	6	12	13	6	12	13	21	12	12	6	12	12	12	12	12	12	12	12	6	12	18	12	12	12	7	12	19	12	6	12	12	12	0	7	6	12	12	12	18	12	12	13	10	12	12	13	6	12	12	12	12	18	12	12	12	18	18	12	16	12	12	6	12	18	12	17	12	12	12	12	
C67	12	12	12	6	12	6	12	14	6	12	12	6	12	18	12	12	6	6	6	7	13	6	11	18	12	12	12	6	12	12	11	18	12	12	12	6	12	12	6	12	21	6	12	6	12	12	12	12	12	12	6	12	6	12	18	12	12	12	7	12	19	12	6	12	12	12	7	0	6	12	6	12	18	12	12	18	12	12	12	18	11	12	12	7	12	13	11	7	12	18	18	18	18	7	12	12	12	14	12	14	12	12	7	12	
C68	18	18	18	12	18	12	18	20	12	18	12	12	18	18	18	18	12	12	12	13	19	12	17	24	18	18	18	12	12	18	17	24	18	18	12	12	18	12	12	18	27	12	18	12	18	18	18	18	18	18	12	18	12	18	24	18	18	18	13	18	25	18	12	18	18	18	6	6	0	15	12	18	24	18	18	19	16	18	18	19	12	18	18	13	18	19	17	13	18	24	24	18	22	13	18	12	18	20	18	20	18	18	13	18	
C69	6	12	6	6	12	6	6	12	12	6	6	6	6	14	12	6	6	6	6	6	13	6	6	13	6	6	12	6	12	11	6	14	12	9	6	6	12	12	6	12	15	6	6	6	6	6	6	6	12	6	6	6	6	6	12	6	12	12	6	6	16	6	6	12	6	12	12	12	15	0	6	6	12	6	6	12	12	12	6	12	6	12	6	6	12	13	6	12	6	12	12	12	15	6	12	6	6	12	6	12	6	6	6	12	
C70	12	12	6	12	6	6	6	12	6	6	6	6	6	12	6	6	6	6	6	7	13	6	6	13	6	6	12	6	6	6	6	12	6	12	6	6	13	6	11	13	15	6	6	12	6	7	6	6	12	6	6	11	6	6	12	6	6	6	7	6	14	12	6	6	6	6	12	6	12	6	0	12	12	12	12	13	7	12	12	12	6	6	12	7	6	12	6	6	6	12	12	12	15	7	12	6	6	12	12	11	6	6	6	6	
C71	12	12	12	12	12	12	12	18	12	12	12	6	12	12	12	12	6	12	12	7	19	12	12	13	6	7	12	12	6	12	12	18	12	12	6	12	18	12	12	18	21	6	12	12	12	12	12	12	12	12	6	12	12	12	18	12	12	12	12	12	20	12	12	12	12	12	12	12	18	6	12	0	6	7	6	18	12	12	12	18	12	12	12	7	12	18	12	12	12	18	18	18	12	12	12	6	12	14	12	14	6	12	7	12	
C72	15	18	18	12	18	18	13	19	18	15	15	12	18	18	18	18	12	15	18	13	25	18	18	19	12	13	18	12	12	18	18	24	18	18	12	18	19	12	18	19	27	12	18	12	18	16	12	18	18	12	12	18	15	18	23	18	18	18	13	18	26	18	12	18	13	18	18	18	24	12	12	6	0	9	6	24	13	18	18	21	18	18	18	13	18	24	18	18	13	19	19	19	6	16	12	12	6	20	15	20	12	18	13	15	
C73	6	12	12	12	12	12	12	17	12	6	6	6	12	12	12	12	6	6	12	7	19	12	12	14	12	7	12	12	6	12	12	18	12	12	6	12	18	12	12	18	18	6	12	6	12	7	12	12	12	6	12	11	6	12	14	12	12	12	7	12	20	12	6	12	12	12	12	12	18	6	12	7	9	0	7	18	7	12	12	12	12	12	12	7	12	18	12	12	12	18	18	12	15	7	12	12	12	12	6	12	6	12	12	6	
C74	12	12	12	9	12	12	12	18	12	12	12	6	12	18	12	12	12	12	12	7	19	12	12	18	12	12	12	6	12	12	12	18	12	12	6	12	13	6	12	13	21	12	12	6	12	12	12	12	12	12	12	12	12	12	18	12	12	12	7	12	20	12	6	12	7	12	12	12	18	6	12	6	6	7	0	18	7	18	12	18	12	12	12	7	12	18	12	12	12	18	18	18	12	12	12	6	12	18	12	17	12	12	12	12	
C75	18	18	18	12	18	12	18	21	18	12	12	13	18	18	12	18	12	12	17	13	20	13	18	6	13	13	12	18	12	18	17	24	18	18	12	17	19	13	17	20	22	12	13	12	18	15	18	18	18	18	13	18	12	18	19	13	18	18	13	18	26	18	12	18	18	18	13	18	19	12	13	18	24	18	18	0	15	6	6	6	7	8	18	13	18	24	17	18	18	24	24	18	24	13	18	18	18	20	18	20	12	15	13	18	
C76	7	7	7	6	7	6	12	15	12	6	6	6	7	12	7	6	7	6	7	7	14	7	7	13	7	7	7	6	6	7	11	13	7	7	6	7	14	7	11	14	16	6	12	6	7	7	7	12	7	12	12	7	6	7	14	12	7	7	7	6	15	7	6	7	7	7	10	12	16	12	7	12	13	7	7	15	0	13	12	12	11	12	7	7	7	14	7	12	12	18	13	12	13	7	7	7	7	13	12	12	6	12	12	7	
C77	18	18	12	12	12	12	12	18	18	12	12	12	17	18	12	18	6	12	12	13	19	12	12	12	12	12	18	12	12	12	17	18	12	18	12	12	18	12	12	18	21	12	12	12	12	13	18	12	18	12	12	18	12	12	18	12	12	12	13	12	20	18	12	12	12	12	12	12	18	12	12	12	18	12	18	6	13	0	6	6	7	6	12	12	12	20	17	18	12	18	18	18	21	13	18	15	12	18	18	17	12	12	12	12	
C78	12	12	12	6	12	6	12	15	12	12	6	12	12	12	6	12	6	6	11	7	19	12	12	12	12	12	12	12	6	12	11	18	12	12	6	11	17	12	11	17	16	6	7	6	12	12	12	12	12	12	12	12	6	12	18	12	12	12	7	12	20	12	6	12	12	12	12	12	18	6	12	12	18	12	12	6	12	6	0	6	9	7	12	7	12	18	11	12	12	18	18	12	18	7	12	12	12	15	12	17	6	12	12	12	
C79	18	18	18	12	18	12	15	17	17	6	12	12	15	18	12	18	12	12	17	12	19	12	12	12	18	13	18	12	12	18	17	18	18	12	12	12	19	12	17	19	21	12	13	12	12	13	18	18	18	18	12	18	12	18	19	13	12	18	12	18	25	18	12	18	18	18	13	18	19	12	12	18	21	12	18	6	12	6	6	0	7	6	12	12	18	19	12	18	18	24	18	18	24	12	18	18	18	18	18	18	12	13	13	12	
C80	12	12	12	6	12	5	12	14	12	12	6	6	12	12	6	12	6	6	10	11	13	6	12	13	12	6	12	12	6	12	10	18	12	12	6	10	13	6	10	13	21	6	12	6	12	12	12	12	12	12	6	12	6	12	12	6	12	12	7	12	19	12	6	12	11	12	6	11	12	6	6	12	18	12	12	7	11	7	9	7	0	7	12	7	12	17	10	12	12	18	18	12	18	7	12	12	12	13	12	13	6	12	6	12	
C81	12	12	12	12	12	12	12	18	12	12	6	6	12	12	12	12	6	6	12	12	13	6	12	14	12	12	12	12	6	12	12	18	12	12	12	12	13	6	12	13	18	6	12	12	12	7	12	12	12	12	12	12	6	12	14	12	12	12	7	12	19	12	12	12	12	12	12	12	18	12	6	12	18	12	12	8	12	6	7	6	7	0	12	7	12	18	12	12	12	18	18	12	18	12	12	12	12	14	12	13	12	7	12	12	
C82	12	12	12	6	12	11	12	17	12	6	12	12	12	18	12	12	6	6	11	7	18	12	11	18	12	12	12	12	12	12	12	18	12	12	6	6	13	12	12	13	21	12	12	6	12	12	12	12	12	12	12	12	12	12	16	12	6	12	7	12	20	12	6	12	12	12	12	12	18	6	12	12	18	12	12	18	7	12	12	12	12	12	0	12	9	8	9	6	12	18	12	18	18	7	12	12	12	18	12	17	12	12	12	12	
C83	7	12	7	6	7	6	7	13	6	6	6	6	12	12	7	6	6	6	6	7	13	7	6	14	7	7	12	6	6	11	7	13	12	7	12	11	14	7	11	14	16	6	12	6	7	7	7	7	12	7	6	11	12	7	13	7	9	12	7	6	16	7	6	7	7	12	12	7	13	6	7	7	13	7	7	13	7	12	7	12	7	7	12	0	12	15	11	12	7	13	13	12	16	7	12	6	7	13	7	13	6	7	7	7	
C84	12	12	12	6	12	12	12	18	12	12	6	12	12	12	12	12	6	12	12	12	19	12	12	18	12	12	12	6	6	12	12	12	6	12	12	12	18	12	12	18	15	6	12	12	6	12	12	12	12	12	6	12	6	12	18	12	12	12	12	12	20	12	12	12	12	12	12	12	18	12	6	12	18	12	12	18	7	12	12	18	12	12	9	12	0	8	7	6	12	18	18	12	18	7	12	12	12	12	14	17	6	12	12	12	
C85	18	18	18	12	18	12	18	20	12	13	14	12	13	20	18	18	14	12	17	14	19	12	18	24	18	18	18	12	14	13	13	19	14	13	13	14	21	18	17	21	22	12	13	13	13	18	18	18	18	18	12	18	13	18	24	18	14	18	13	18	25	18	12	18	13	18	18	13	19	13	12	18	24	18	18	24	14	20	18	19	17	18	8	15	8	0	7	6	18	24	20	20	24	13	18	18	18	19	18	18	14	18	13	18	
C86	12	12	12	6	12	5	12	14	12	6	12	6	6	15	12	12	11	11	10	7	13	6	12	18	12	12	12	6	11	6	6	12	12	6	6	10	16	12	10	16	15	6	6	6	6	12	12	12	12	12	6	12	6	12	18	12	12	12	7	11	19	12	6	12	6	12	12	11	17	6	6	12	18	12	12	17	7	17	11	12	10	12	9	11	7	7	0	7	12	18	18	18	18	7	12	12	12	12	12	11	11	12	12	12	
C87	12	12	12	6	12	12	12	14	6	12	12	6	12	18	12	12	12	6	12	12	13	6	12	18	12	12	12	6	12	12	12	18	12	12	12	12	18	12	12	18	21	6	12	12	12	12	12	12	12	12	6	12	12	12	18	12	12	12	7	12	19	12	6	12	12	12	12	7	13	12	6	12	18	12	12	18	12	18	12	18	12	12	6	12	6	6	7	0	12	18	18	18	18	7	12	12	12	14	12	14	12	12	7	12	
C88	12	12	12	6	12	12	12	18	12	12	12	6	12	12	12	12	6	12	12	7	19	12	12	18	12	12	12	6	6	12	12	18	12	12	6	12	18	12	12	18	21	6	12	12	12	12	12	12	12	6	6	12	12	12	18	12	12	12	12	12	20	12	12	12	12	12	12	12	18	6	6	12	13	12	12	18	12	12	12	18	12	12	12	7	12	18	12	12	0	6	6	6	16	7	12	12	7	15	12	17	6	12	12	12	
C89	18	18	18	12	18	18	18	24	18	18	12	12	18	18	18	18	12	18	18	13	25	18	18	24	18	18	18	12	12	18	18	24	18	18	12	18	24	18	18	24	27	12	18	18	18	18	18	18	18	12	12	18	18	18	24	18	14	18	18	18	26	18	18	18	18	18	18	18	24	12	12	18	19	18	18	24	18	18	18	24	18	18	18	13	18	24	18	18	6	0	8	6	22	13	18	18	13	21	18	23	12	18	18	18	
C90	18	12	18	12	12	18	18	23	18	12	12	12	17	18	12	18	12	12	18	12	25	18	18	18	18	18	12	12	12	12	18	19	18	18	12	18	19	18	18	24	27	12	18	12	18	18	18	18	15	12	12	17	18	18	16	15	6	18	12	12	22	18	18	12	12	18	18	18	24	12	12	18	19	18	18	24	13	18	18	18	18	18	12	13	18	20	18	18	6	8	0	6	18	13	12	18	13	21	18	17	12	18	18	18	
C91	12	12	12	12	15	17	18	21	18	18	6	12	12	18	12	12	12	12	12	13	19	12	18	18	18	12	12	12	12	12	18	18	12	18	12	17	19	12	17	19	21	12	18	12	12	12	18	18	12	12	12	12	12	12	18	12	12	12	12	12	20	12	12	12	12	12	12	18	18	12	12	18	19	12	18	18	12	18	12	18	12	12	18	12	12	20	18	18	6	6	6	0	18	12	12	18	13	18	18	17	12	12	12	12	
C92	18	12	18	15	18	18	16	22	18	18	12	15	18	21	18	18	15	12	18	13	25	18	18	19	16	16	13	15	15	17	20	24	18	18	12	18	20	18	18	24	27	15	18	12	18	18	15	20	13	15	15	18	18	18	22	18	12	18	13	12	22	18	15	18	13	18	16	18	22	15	15	12	6	15	12	24	13	21	18	24	18	18	18	16	18	24	18	18	16	22	18	18	0	15	6	10	9	23	18	22	12	18	16	18	
C93	7	12	7	6	12	7	12	15	7	6	6	6	10	12	7	7	7	12	7	7	14	7	7	14	12	7	12	6	6	7	7	13	7	7	6	7	13	12	7	13	16	6	7	6	7	7	12	12	12	7	6	7	6	7	13	7	7	12	7	7	17	7	6	12	7	12	12	7	13	6	7	12	16	7	12	13	7	13	7	12	7	12	7	7	7	13	7	7	7	13	13	12	15	0	12	12	12	13	7	12	12	12	7	12	
C94	12	6	12	12	12	12	14	20	12	12	6	12	12	18	12	12	12	6	12	7	19	12	12	13	12	12	7	12	12	11	14	18	12	12	6	12	14	12	12	18	21	12	12	6	12	12	12	14	7	12	12	12	12	12	16	12	6	12	7	6	16	12	12	12	7	12	12	12	18	12	12	12	12	12	12	18	7	18	12	18	12	12	12	12	12	18	12	12	12	18	12	12	6	12	0	8	7	18	12	16	6	12	12	12	
C95	12	12	12	6	12	12	12	18	12	12	12	6	12	12	12	12	9	12	12	6	19	12	12	13	6	6	12	6	6	12	12	18	12	12	6	12	18	12	12	18	21	6	12	6	12	12	12	12	12	12	6	12	12	12	18	12	12	12	6	12	20	12	6	12	6	12	6	12	12	6	6	6	12	12	6	18	7	15	12	18	12	12	12	6	12	18	12	12	12	18	18	18	10	12	8	0	11	13	12	13	6	12	6	12	
C96	12	12	12	6	12	12	7	13	12	12	12	6	12	12	12	12	6	12	12	7	19	12	12	14	7	12	12	6	6	12	12	18	12	12	6	12	18	12	12	18	21	6	12	6	12	12	6	12	12	6	6	12	12	12	18	12	12	12	7	12	20	12	6	12	12	12	12	12	18	6	6	12	6	12	12	18	7	12	12	18	12	12	12	7	12	18	12	12	7	13	13	13	9	12	7	11	0	15	12	17	6	12	12	12	
C97	13	18	18	12	15	15	14	20	13	12	12	12	15	18	15	18	12	12	18	14	19	12	18	20	14	13	18	12	12	13	15	19	13	13	12	18	20	13	18	20	15	9	18	12	6	14	18	13	18	13	12	18	12	18	20	14	15	18	13	15	25	18	12	15	15	18	18	14	20	12	12	14	20	12	18	20	13	18	15	18	13	14	18	13	12	19	12	14	15	21	21	18	23	13	18	13	15	0	7	8	12	7	7	6	
C98	6	12	12	12	14	12	12	18	12	12	12	6	12	18	14	12	12	12	12	7	19	12	12	13	12	6	12	12	12	11	12	18	14	12	6	12	18	12	12	18	21	12	12	12	12	12	12	12	12	6	12	11	12	12	18	12	12	12	12	12	20	12	6	14	12	12	12	12	18	6	12	12	15	6	12	18	12	18	12	18	12	12	12	7	14	18	12	12	12	18	18	18	18	7	12	12	12	7	0	6	12	7	9	6	
C99	12	16	16	11	16	16	13	19	13	12	11	11	10	17	11	17	11	12	17	11	19	12	17	19	14	12	16	11	12	5	12	12	12	12	12	17	19	12	17	19	20	12	11	12	14	13	17	12	16	12	11	17	11	16	20	14	11	17	13	10	20	16	11	16	16	17	17	14	20	12	11	14	20	12	17	20	12	17	17	18	13	13	17	13	17	18	11	14	17	23	17	17	22	12	16	13	17	8	6	0	11	6	7	6	
C100	11	6	6	6	6	6	12	15	12	6	6	6	6	12	6	6	6	6	6	6	13	12	6	12	6	6	6	6	6	6	11	12	6	12	12	6	13	12	11	13	15	6	12	6	6	6	12	12	6	6	6	6	6	6	13	12	9	6	6	6	14	12	6	6	6	6	12	12	18	6	6	6	12	6	12	12	6	12	6	12	6	12	12	6	6	14	11	12	6	12	12	12	12	12	6	6	6	12	12	11	0	12	12	12	
C101	12	12	12	12	12	12	7	13	12	12	6	6	12	12	12	12	6	6	12	7	13	6	12	18	12	12	12	6	6	11	12	18	12	12	12	12	13	6	12	13	18	6	12	12	12	7	12	6	12	12	6	12	6	12	14	12	12	12	7	12	19	12	12	12	12	12	12	12	18	6	6	12	18	12	12	15	12	12	12	13	12	7	12	7	12	18	12	12	12	18	18	12	18	12	12	12	12	7	7	6	12	0	7	6	
C102	12	12	12	6	12	11	12	14	6	12	6	6	12	12	12	12	6	6	12	7	13	6	12	14	7	7	12	6	6	12	12	18	12	12	6	12	18	12	12	18	21	6	12	6	12	12	12	12	12	12	6	12	12	12	13	7	12	12	7	12	19	12	6	12	12	12	12	7	13	6	6	7	13	12	12	13	12	12	12	13	6	12	12	7	12	13	12	7	12	18	18	12	16	7	12	6	12	7	9	7	12	7	0	7	
C103	12	12	12	12	12	12	12	17	12	6	6	6	12	12	12	12	6	6	12	12	19	12	12	18	12	12	12	12	6	11	12	18	12	12	12	12	18	12	12	18	21	6	12	6	12	12	12	12	12	12	12	12	6	12	18	12	12	12	7	12	20	12	6	12	12	12	12	12	18	12	6	12	15	6	12	18	7	12	12	12	12	12	12	7	12	18	12	12	12	18	18	12	18	12	12	12	12	6	6	6	12	6	7	0	

Key Findings:
Tariq Khan - Max distance to any criminal: 21
Tariq Shah - Max distance to any criminal: 21
Tariq Hassan - Max distance to any criminal: 21
Tariq Ali - Max distance to any criminal: 16
Tariq Saeed - Max distance to any criminal: 21
Ahmed Khan - Max distance to any criminal: 20
Ahmed Malik - Max distance to any criminal: 20
Ahmed Aslam - Max distance to any criminal: 26
Ahmed Shah - Max distance to any criminal: 21
Ahmed Ali - Max distance to any criminal: 19
Ahmed Butt - Max distance to any criminal: 15
Ahmed Hassan - Max distance to any criminal: 16
Bilal Ahmed - Max distance to any criminal: 20
Bilal Malik - Max distance to any criminal: 22
Bilal Ali - Max distance to any criminal: 21
Bilal Hassan - Max distance to any criminal: 21
Bilal Khan - Max distance to any criminal: 15
Bilal Shah - Max distance to any criminal: 18
Zain Hassan - Max distance to any criminal: 21
Zain Khan - Max distance to any criminal: 16
Zain Shah - Max distance to any criminal: 25
Zain Butt - Max distance to any criminal: 18
Zain Ali - Max distance to any criminal: 18
Omar Malik - Max distance to any criminal: 27
Omar Hassan - Max distance to any criminal: 21
Omar Khan - Max distance to any criminal: 21
Omar Butt - Max distance to any criminal: 21
Omar Ali - Max distance to any criminal: 18
Imran Hassan - Max distance to any criminal: 16
Imran Shah - Max distance to any criminal: 19
Imran Khan - Max distance to any criminal: 21
Imran Malik - Max distance to any criminal: 24
Imran Ali - Max distance to any criminal: 20
Imran Butt - Max distance to any criminal: 19
Kamran Ali - Max distance to any criminal: 17
Kamran Ahmed - Max distance to any criminal: 21
Kamran Butt - Max distance to any criminal: 25
Kamran Shah - Max distance to any criminal: 19
Kamran Hassan - Max distance to any criminal: 21
Kamran Hussain - Max distance to any criminal: 25
Hassan Butt - Max distance to any criminal: 28
Hassan Ali - Max distance to any criminal: 16
Hassan Ahmed - Max distance to any criminal: 20
Hassan Malik - Max distance to any criminal: 18
Hassan Khan - Max distance to any criminal: 19
Hassan Shah - Max distance to any criminal: 20
Rizwan Ali - Max distance to any criminal: 21
Rizwan Ahmed - Max distance to any criminal: 20
Rizwan Shah - Max distance to any criminal: 21
Rizwan Khan - Max distance to any criminal: 21
Rizwan Hassan - Max distance to any criminal: 17
Junaid Shah - Max distance to any criminal: 21
Junaid Hassan - Max distance to any criminal: 18
Junaid Khan - Max distance to any criminal: 20
Junaid Butt - Max distance to any criminal: 24
Junaid Malik - Max distance to any criminal: 21
Junaid Ali - Max distance to any criminal: 21
Talha Khan - Max distance to any criminal: 21
Talha Shah - Max distance to any criminal: 18
Talha Hassan - Max distance to any criminal: 20
Talha Ali - Max distance to any criminal: 28
Salman Ahmed - Max distance to any criminal: 21
Salman Ali - Max distance to any criminal: 18
Salman Butt - Max distance to any criminal: 21
Salman Hassan - Max distance to any criminal: 21
Salman Khan - Max distance to any criminal: 21
Fahad Hassan - Max distance to any criminal: 21
Fahad Ali - Max distance to any criminal: 21
Fahad Shah - Max distance to any criminal: 27
Fahad Khan - Max distance to any criminal: 16
Wasim Shah - Max distance to any criminal: 15
Wasim Malik - Max distance to any criminal: 21
Wasim Khan - Max distance to any criminal: 27
Wasim Ali - Max distance to any criminal: 20
Wasim Hassan - Max distance to any criminal: 21
Adnan Sheikh - Max distance to any criminal: 26
Adnan Ahmed - Max distance to any criminal: 18
Adnan Khan - Max distance to any criminal: 21
Adnan Shah - Max distance to any criminal: 20
Adnan Butt - Max distance to any criminal: 25
Adnan Hassan - Max distance to any criminal: 21
Adnan Ali - Max distance to any criminal: 19
Shahid Malik - Max distance to any criminal: 21
Shahid Khan - Max distance to any criminal: 16
Shahid Ali - Max distance to any criminal: 20
Shahid Mahmood - Max distance to any criminal: 25
Shahid Hassan - Max distance to any criminal: 19
Shahid Ahmed - Max distance to any criminal: 21
Ali Hassan - Max distance to any criminal: 21
Ali Shah, Hassan Malik - Max distance to any criminal: 27
Ali Raza - Max distance to any criminal: 27
Ali Shah - Max distance to any criminal: 21
Usman Butt - Max distance to any criminal: 27
Usman Hassan - Max distance to any criminal: 17
Usman Ahmed - Max distance to any criminal: 21
Usman Ali - Max distance to any criminal: 21
Usman Khan - Max distance to any criminal: 21
Hamza Sheikh - Max distance to any criminal: 25
Hamza Hassan - Max distance to any criminal: 21
Hamza Malik - Max distance to any criminal: 23
Hamza Ahmed - Max distance to any criminal: 18
Hamza Khan - Max distance to any criminal: 19
Hamza Ali - Max distance to any criminal: 21
Hamza Shah - Max distance to any criminal: 21

=== KEY CRIMINAL ANALYSIS ===
Most Connected Criminals (Priority Targets):
1. Talha Shah - 69 connections
2. Adnan Ahmed - 69 connections
3. Wasim Shah - 69 connections
4. Bilal Khan - 68 connections
5. Hassan Malik - 68 connections

Recommendation: Arresting top 3 criminals will disrupt 207 criminal connections.
??????????????????????????????????????????????????
?            END OF REPORT                       ?
??????????????????????????????????????????????????
